sensor_1
NoiseModelA = { 5.526332811538213e-07,5.932635023449832e-07,3.1352661563943346e-07,3.408834608341175e-07 }
NoiseModelB = { -1.1211908978738533e-05,5.249536132496577e-06,4.799059415370898e-06,1.8388803934874003e-06 }
NoiseModelC = { 1.3039665748809225e-12,1.1155539806386979e-12,5.707853970626287e-13,5.826934108103945e-13 }
NoiseModelD = { 3.1884447801036674e-07,1.4690453404163644e-07,2.877243893680942e-07,2.9654343018620133e-07 }
calibrationTransform1 = {1,0,0,0,1,0,0,0,1}
calibrationTransform2 = {1,0,0,0,1,0,0,0,1}
colorTransform1 = {1.5977,-0.7547,-0.2489,-0.9956,1.9269,0.0401,0.0401,-0.1445,0.7467}
colorTransform2 = {2.1839,-1.5062,-0.3834,-0.9379,1.9101,-0.0068,0.0479,-0.1164,1.0749}
forwardMatrix1 = {0.4375,0.3828,0.1406,0.2188,0.7188,0.0625,0.0156,0.0938,0.7109}
forwardMatrix2 = {0.4375,0.3828,0.1406,0.2188,0.7188,0.0625,0.0156,0.0938,0.7109}
profileHueSatMapDims = {90,25,1}
profileHueSatMapData1 = {0,1,1,-0.098830834031105,1.03056442737579,1,-0.414334297180176,1.11170494556427,0.999999940395355,-0.865649938583374,1.20641577243805,1,-1.33361756801605,1.28494501113892,1,-1.75519275665283,1.34007596969604,1,-2.11721205711365,1.37607800960541,1,-2.42880964279175,1.39910185337067,1,-2.70918893814087,1.41406583786011,0.999999940395355,-2.97596549987793,1.42419052124023,1,-3.20702028274536,1.4306880235672,1,-3.30704760551453,1.43233251571655,1,-3.21818542480469,1.42707669734955,1,-3.06808352470398,1.41534316539764,1,-3.02233958244324,1.40042197704315,1,-3.07243728637695,1.38721406459808,0.999999940395355,-3.06624984741211,1.38027989864349,1,-2.89941382408142,1.38059818744659,1,-2.60131001472473,1.38555073738098,1,-2.25309705734253,1.3920783996582,1,-1.91194641590118,1.39842700958252,1,-1.60170948505402,1.40396404266357,1,-1.32724487781525,1.4086058139801,0.999999940395355,-1.08591306209564,1.41245710849762,1,-0.873106181621552,1.41566169261932,1,0,1,1,-0.0801540091633797,1.03207170963287,1,-0.333881914615631,1.11686778068542,1,-0.689458787441254,1.21429598331451,1,-1.05218708515167,1.29320931434631,1,-1.3853280544281,1.3471508026123,1,-1.70054399967194,1.38143837451935,0.999999940395355,-2.03186106681824,1.40300977230072,0.999999940395355,-2.42292785644531,1.41750621795654,0.999999940395355,-2.90776586532593,1.42893815040588,1,-3.42386317253113,1.43871378898621,1,-3.68001890182495,1.44301450252533,1,-3.46373271942139,1.4352822303772,0.999999940395355,-3.16005349159241,1.41592669487,1,-3.19854140281677,1.39095628261566,1,-3.49159145355225,1.36905348300934,1,-3.60894870758057,1.35999000072479,1,-3.34829688072205,1.36454391479492,1,-2.87790822982788,1.37516987323761,1,-2.39029121398926,1.3859691619873,1,-1.96288990974426,1.39495491981506,0.999999940395355,-1.60561287403107,1.40201497077942,1,-1.30771994590759,1.40752565860748,1,-1.05616664886475,1.41187763214111,1,-0.840303421020508,1.41537570953369,0.999999940395355,0,1,1,-0.0622019879519939,1.03390097618103,1,-0.260052293539047,1.12342309951782,1,-0.534359276294708,1.22475481033325,0.999999940395355,-0.81133359670639,1.30471312999725,1,-1.07235586643219,1.35743689537048,1,-1.34511303901672,1.38927888870239,1,-1.68051958084106,1.4080046415329,1,-2.1417281627655,1.42017126083374,1,-2.79146695137024,1.43101048469543,1,-3.57487416267395,1.44294607639313,1,-4,1.45000004768372,1,-3.60725545883179,1.44016695022583,1,-3.14295530319214,1.41407859325409,0.999999940395355,-3.38786029815674,1.37836217880249,1,-4.13859224319458,1.34436726570129,1,-4.40957450866699,1.33386874198914,1,-3.87975287437439,1.34741675853729,1,-3.11214280128479,1.36649072170258,1,-2.45067524909973,1.38204753398895,1,-1.94158232212067,1.3933299779892,1,-1.5505359172821,1.40146124362946,1,-1.24146783351898,1.4074718952179,1,-0.989104509353638,1.41205668449402,1,-0.777086853981018,1.41565871238708,1,0,1,1,-0.044540673494339,1.03600168228149,1,-0.19030986726284,1.13127446174622,1,-0.393129765987396,1.23782587051392,1,-0.595145046710968,1.31984448432922,1,-0.78600013256073,1.37177610397339,1,-1.00062346458435,1.40068387985229,1,-1.29809212684631,1.41488146781921,1,-1.73603975772858,1.42189824581146,1,-2.3513560295105,1.42816948890686,1,-3.07706260681152,1.43656492233276,1,-3.47105765342712,1.44126689434052,1,-3.14899134635925,1.43212294578552,0.999999940395355,-2.82267236709595,1.40886473655701,1,-3.32079172134399,1.37225162982941,1,-4.53961658477783,1.32999801635742,1,-4.94898748397827,1.31804203987122,1,-4.08624458312988,1.34033262729645,1,-3.07421827316284,1.36528396606445,1,-2.32538485527039,1.38291585445404,0.999999940395355,-1.79927361011505,1.39469003677368,1,-1.41483104228973,1.40281093120575,1,-1.11892259120941,1.40868055820465,1,-0.880661249160767,1.41310787200928,1,-0.681970775127411,1.41656696796417,1,0,1,1,-0.0267086010426283,1.03823900222778,1,-0.122614085674286,1.14000594615936,0.999999940395355,-0.26204526424408,1.25313198566437,1,-0.398621439933777,1.33892869949341,1,-0.518828094005585,1.39179170131683,1,-0.65779060125351,1.41850936412811,0.999999940395355,-0.890806615352631,1.42665898799896,1,-1.26313579082489,1.42498087882996,1,-1.72166192531586,1.42276751995087,1,-2.15058708190918,1.42429733276367,1,-2.35516548156738,1.42580020427704,1,-2.22751116752625,1.4212441444397,1,-2.11849856376648,1.40851581096649,1,-2.54231905937195,1.38530445098877,1,-3.56461834907532,1.35382509231567,0.999999940395355,-4.01652956008911,1.3412036895752,1,-3.35305976867676,1.35701906681061,1,-2.54592680931091,1.37610244750977,1,-1.94542467594147,1.3899085521698,1,-1.51523876190186,1.39939832687378,1,-1.19307398796082,1.40614461898804,1,-0.939552187919617,1.41115236282349,1,-0.731848955154419,1.4150116443634,1,-0.556403338909149,1.41807985305786,1,0,1,1,-0.00826120283454657,1.04035341739655,1,-0.0552781037986279,1.14855575561523,0.999999940395355,-0.139985129237175,1.26893997192383,1,-0.22663477063179,1.36054909229279,1,-0.285267293453217,1.41798496246338,1,-0.335686802864075,1.44629204273224,1,-0.504046738147736,1.44772732257843,1,-0.893877446651459,1.43112432956696,1,-1.32394671440125,1.41502380371094,1,-1.55021667480469,1.40991258621216,1,-1.52680313587189,1.41336977481842,0.999999940395355,-1.34530878067017,1.41700971126556,0.999999940395355,-1.16566276550293,1.41618657112122,1,-1.15138256549835,1.41084337234497,1,-1.42066037654877,1.40133130550385,1,-1.81040775775909,1.39140617847443,1,-1.86093091964722,1.39018702507019,1,-1.64721918106079,1.39511001110077,1,-1.37690377235413,1.4011298418045,1,-1.12465882301331,1.40650367736816,1,-0.904561579227448,1.41096079349518,1,-0.714574933052063,1.41460680961609,1,-0.549664497375488,1.41760337352753,1,-0.405078321695328,1.4200941324234,1,0,1,1,0.011229052208364,1.04198110103607,1,0.0137568581849337,1.15511786937714,0.999999940395355,-0.0244178604334593,1.2813059091568,1,-0.085509829223156,1.37872791290283,1,-0.118404015898705,1.4436993598938,1,-0.089152954518795,1.48053634166718,1,-0.171571061015129,1.47857022285461,1,-0.72969251871109,1.43721413612366,1,-1.46790480613708,1.39680576324463,1,-1.69046330451965,1.38500130176544,1,-1.26064836978912,1.39952564239502,1,-0.700844407081604,1.41697204113007,1,-0.277998775243759,1.42687594890594,1,0.139435514807701,1.43391251564026,0.999999940395355,0.413310199975967,1.4384092092514,1,0.00596880121156573,1.42969310283661,1,-0.537052154541016,1.41815721988678,1,-0.770749509334564,1.4131270647049,1,-0.784091293811798,1.41272115707397,0.999999940395355,-0.701166689395905,1.41426241397858,1,-0.585296750068665,1.41640031337738,1,-0.463209331035614,1.41858565807343,1,-0.345272898674011,1.42062044143677,0.999999940395355,-0.235021635890007,1.42245078086853,1,0,1,1,0.0321667417883873,1.04279673099518,1,0.0876756906509399,1.15788805484772,1,0.0948736518621445,1.28556990623474,1,0.0407696254551411,1.38395345211029,1,-0.0245564989745617,1.45074093341827,1,-0.0227726567536592,1.4915224313736,1,-0.0667028427124023,1.48976969718933,1,-0.796133399009705,1.43079209327698,1,-2.1664834022522,1.36420321464539,1,-2.6271116733551,1.34584987163544,1,-1.35344290733337,1.38584339618683,0.999999940395355,-0.113763757050037,1.42292726039886,1,0.412790149450302,1.43780541419983,1,0.730019569396973,1.44465589523315,0.999999940395355,1,1.45000004768372,1,0.677047610282898,1.44326364994049,1,0.164173349738121,1.43226706981659,0.999999940395355,-0.156697124242783,1.42515730857849,1,-0.288217276334763,1.42202079296112,1,-0.307094097137451,1.42125523090363,1,-0.268926948308945,1.42167937755585,0.999999940395355,-0.204742550849915,1.4226348400116,1,-0.130450278520584,1.42378711700439,1,-0.0538875311613083,1.42497408390045,1,0,1,1,0.0548787675797939,1.04271697998047,0.999999940395355,0.170344799757004,1.1564644575119,1,0.23567196726799,1.2807629108429,1,0.203350409865379,1.37393021583557,1,0.104851610958576,1.43281590938568,1,0.00295788515359163,1.46271061897278,0.999999940395355,-0.149968758225441,1.45822513103485,0.999999940395355,-0.770213901996613,1.41726815700531,1,-2.04625558853149,1.36426723003387,1,-2.5061469078064,1.34810876846313,1,-0.637250423431396,1.40156102180481,1,1.03133499622345,1.44830644130707,1,1.26783490180969,1.45586550235748,1,0.988509118556976,1.44966638088226,1,0.890764176845551,1.44746172428131,1,0.731742560863495,1.44379460811615,1,0.460656732320786,1.43749129772186,1,0.231935277581215,1.43206787109375,0.999999940395355,0.0950568467378616,1.42865931987762,1,0.0352983176708221,1.42694985866547,1,0.0264600943773985,1.42636346817017,1,0.0477213561534882,1.42644143104553,1,0.0855009630322456,1.42688417434692,1,0.131632655858994,1.42751157283783,1,0,1,1,0.079526349902153,1.04195857048035,1,0.264509737491608,1.1522341966629,1,0.411677867174149,1.27089941501617,1,0.445084780454636,1.35762178897858,1,0.385034590959549,1.40924370288849,1,0.284593164920807,1.43311405181885,1,0.147238969802856,1.43443024158478,1,-0.144917175173759,1.41983735561371,1,-0.558599710464478,1.40255641937256,1,-0.336520433425903,1.40665698051453,1,1.20470178127289,1.44921731948853,1,2.65669727325439,1.4903107881546,1,2.37336826324463,1.48274958133698,0.999999940395355,1.55690228939056,1.46157908439636,1,1.10269284248352,1.45061266422272,1,0.876294612884521,1.4452029466629,1,0.690200209617615,1.44059360027313,1,0.527677774429321,1.43651449680328,0.999999940395355,0.407959073781967,1.43345081806183,1,0.334120213985443,1.43146371841431,1,0.297839552164078,1.43035042285919,1,0.288431793451309,1.42985832691193,1,0.296868205070496,1.42977666854858,1,0.316605508327484,1.42995250225067,1,0,1,1,0.105995237827301,1.04089510440826,1,0.37043160200119,1.14720344543457,1,0.62435382604599,1.26079440116882,1,0.766841650009155,1.34356164932251,1,0.810723960399628,1.3931577205658,1,0.811605513095856,1.41867184638977,1,0.815727353096008,1.4288477897644,1,0.85393351316452,1.43170487880707,0.999999940395355,1.01823425292969,1.43563044071198,1,1.44776916503906,1.44753837585449,1,2.12499666213989,1.4696010351181,1,2.79527187347412,1.49308490753174,1,2.57681941986084,1.48655760288239,1,1.9300936460495,1.46801424026489,1,1.45009875297546,1.45563316345215,1,1.15726125240326,1.44854283332825,1,0.958563506603241,1.44375383853912,0.999999940395355,0.806099057197571,1.4400440454483,1,0.688932240009308,1.43718373775482,1,0.60445773601532,1.43511402606964,1,0.548564553260803,1.43372714519501,1,0.515595853328705,1.43287897109985,1,0.499902755022049,1.43242788314819,1,0.496730625629425,1.43225836753845,0.999999940395355,0,1,1,0.134070426225662,1.03982937335968,1,0.486960291862488,1.14274787902832,1,0.868322968482971,1.25294923782349,1,1.14987421035767,1.33434772491455,0.999999940395355,1.33106124401093,1.38498079776764,1,1.46538281440735,1.414302110672,1,1.61934006214142,1.43164706230164,1,1.87938153743744,1.44484579563141,0.999999940395355,2.34614896774292,1.45993542671204,1,2.89238882064819,1.47537970542908,1,2.94019269943237,1.47984290122986,1,2.67235040664673,1.47954404354095,1,2.43552947044373,1.47589766979218,1,2.08455348014832,1.46672523021698,1,1.73239409923553,1.45788788795471,1,1.45378851890564,1.45134997367859,1,1.24411487579346,1.44661033153534,1,1.08229291439056,1.44301342964172,1,0.955368161201477,1.44023406505585,1,0.857125222682953,1.4381263256073,1,0.783404290676117,1.43658590316772,1,0.730234920978546,1.43551135063171,1,0.693725645542145,1.4348042011261,1,0.670357763767242,1.4343763589859,1,0,1,1,0.163428530097008,1.03895008563995,1,0.612429201602936,1.13949620723724,0.999999940395355,1.13797569274902,1.24798941612244,1,1.5800324678421,1.32958662509918,1,1.91527712345123,1.38210701942444,1,2.17940640449524,1.4146556854248,1,2.42359972000122,1.43630504608154,1,2.72757959365845,1.45448422431946,0.999999940395355,3.214111328125,1.47492027282715,0.999999940395355,3.83288311958313,1.49527823925018,1,3.82248973846436,1.49561822414398,0.999999940395355,3.14907288551331,1.48139929771423,1,2.65470910072327,1.47220718860626,1,2.30554699897766,1.46508979797363,0.999999940395355,2.0027289390564,1.45859563350677,1,1.74272418022156,1.45316505432129,0.999999940395355,1.52835214138031,1.44885313510895,1,1.35387241840363,1.44544887542725,1,1.21203434467316,1.44275593757629,0.999999940395355,1.09736800193787,1.44064390659332,1,1.00584530830383,1.43901968002319,1,0.934057116508484,1.43780255317688,1,0.878877818584442,1.43691968917847,1,0.837454199790955,1.43630337715149,1,0,1,1,0.193376526236534,1.03832697868347,1,0.744181513786316,1.13757920265198,1,1.42832565307617,1.24577510356903,0.999999940395355,2.0523509979248,1.32845747470856,1,2.56488394737244,1.38279819488525,1,2.97055697441101,1.41725134849548,1,3.27064847946167,1.44023549556732,1,3.47231245040894,1.45824575424194,1,3.63750576972961,1.47580111026764,1,3.82408475875854,1.49098205566406,0.999999940395355,3.78655910491943,1.49159562587738,1,3.39220094680786,1.48058485984802,1,2.95930624008179,1.47111797332764,1,2.60171389579773,1.46439409255981,1,2.29794836044312,1.45895767211914,0.999999940395355,2.03452301025391,1.45437288284302,1,1.80881118774414,1.4505512714386,1,1.61815929412842,1.44740474224091,1,1.45852136611938,1.44483423233032,1,1.32576036453247,1.44275426864624,1,1.2162252664566,1.44109404087067,1,1.1267204284668,1.43979227542877,1,1.05437684059143,1.43879127502441,1,0.99660587310791,1.43804013729095,1,0,1,1,0.222844406962395,1.03795075416565,1,0.877986252307892,1.13687324523926,1,1.73218202590942,1.24597144126892,0.999999940395355,2.5627806186676,1.33046197891235,1,3.2964026927948,1.38661813735962,0.999999940395355,3.9125382900238,1.42217898368835,1,4.35534858703613,1.4448025226593,1,4.52709150314331,1.459916472435,1,4.40126800537109,1.47108483314514,1,4.15175294876099,1.47876334190369,1,3.92989826202393,1.47983455657959,1,3.65015554428101,1.47507870197296,1,3.29820990562439,1.46907353401184,1,2.94305872917175,1.46376180648804,1,2.61894106864929,1.45920515060425,1,2.33310461044312,1.45525932312012,1,2.08541941642761,1.45186030864716,1,1.87343347072601,1.44896733760834,1,1.69352316856384,1.446533203125,0.999999940395355,1.54176342487335,1.4445081949234,1,1.41445136070251,1.44284391403198,1,1.30827438831329,1.44149506092072,1,1.22029507160187,1.44041752815247,0.999999940395355,1.1479160785675,1.43957149982452,1,0,1,1,0.250375419855118,1.0377711057663,1,1.0067948102951,1.1371169090271,1,2.03385281562805,1.24810576438904,1,3.08908438682556,1.33517241477966,1,4.09526681900024,1.39361119270325,1,5.04055452346802,1.43060028553009,1,5.84775114059448,1.45323729515076,1,6.28447389602661,1.46609258651733,1,6.1010274887085,1.47230017185211,1,5.46262741088867,1.47456049919128,1,4.80081224441528,1.47410762310028,1,4.25203275680542,1.47136473655701,1,3.77051448822021,1.4674334526062,1,3.33916425704956,1.46332156658173,0.999999940395355,2.96069192886353,1.45946419239044,1,2.63423538208008,1.4559828042984,1,2.35514760017395,1.45290231704712,0.999999940395355,2.11774659156799,1.45021867752075,1,1.91645157337189,1.44791030883789,0.999999940395355,1.74618899822235,1.44594883918762,1,1.6025208234787,1.44430029392242,1,1.48164355754852,1.44293129444122,0.999999940395355,1.38030159473419,1.44180810451508,1,1.29570078849792,1.44089782238007,1,0,1,1,0.273369342088699,1.03767275810242,1,1.11762189865112,1.13780570030212,1,2.30078029632568,1.25126111507416,0.999999940395355,3.56885647773743,1.34150052070618,1,4.85739326477051,1.40284407138824,1,6.21125793457031,1.44212782382965,1,7.63673496246338,1.46625781059265,1,8.76805400848389,1.47900152206421,1,8.67172145843506,1.48205864429474,1,7.41055917739868,1.47938251495361,1,6.07544898986816,1.47536790370941,1,5.07029390335083,1.47131872177124,1,4.33123540878296,1.46731567382812,1,3.75926804542542,1.46346342563629,1,3.29871678352356,1.45988833904266,1,2.920001745224,1.45665276050568,1,2.60500478744507,1.453773021698,1,2.34119868278503,1.45124089717865,1,2.11930823326111,1.44903814792633,1,1.93219006061554,1.44714081287384,0.999999940395355,1.77420175075531,1.44552230834961,1,1.64080631732941,1.4441545009613,1,1.52829921245575,1.44301092624664,1,1.43360459804535,1.44206392765045,1,0,1,1,0.289000660181046,1.03751158714294,1,1.19486618041992,1.13826286792755,1,2.48959350585938,1.25403320789337,1,3.90690803527832,1.34737730026245,1,5.38441038131714,1.41160833835602,1,7.01994895935059,1.45318484306335,1,9.05845260620117,1.47904300689697,1,11.542537689209,1.49308514595032,0.999999940395355,11.5255584716797,1.49405634403229,1,9.00791645050049,1.48694801330566,1,7.06390333175659,1.47952008247375,1,5.74554491043091,1.47333097457886,1,4.81305027008057,1.46829056739807,1,4.12235021591187,1.46406555175781,1,3.58910584449768,1.46042823791504,1,3.16432666778564,1.45725727081299,1,2.8185133934021,1.45448040962219,1,2.53278613090515,1.45205140113831,1,2.29431557655334,1.44993436336517,1,2.09394121170044,1.44809913635254,1,1.92485380172729,1.44651937484741,1,1.78182649612427,1.44516861438751,1,1.66073822975159,1.44402360916138,1,1.55826270580292,1.44306063652039,1,0,1,1,0.295045346021652,1.03715705871582,1,1.22538793087006,1.13782024383545,0.999999940395355,2.56273484230042,1.25489914417267,0.999999940395355,4.02118253707886,1.3503623008728,1,5.5006160736084,1.41654002666473,1,7.01823759078979,1.45926642417908,1,8.70742321014404,1.48485362529755,1,11.7142372131348,1.49744141101837,1,11.714732170105,1.49781882762909,1,8.73516082763672,1.49070823192596,0.999999940395355,7.18290710449219,1.48241436481476,0.999999940395355,5.99486255645752,1.47508943080902,1,5.06634998321533,1.46925711631775,1,4.34807109832764,1.46463596820831,0.999999940395355,3.78721928596497,1.46086621284485,1,3.34114575386047,1.45770001411438,1,2.97969770431519,1.45498847961426,1,2.68225598335266,1.452641248703,1,2.43458104133606,1.45060229301453,1,2.22657465934753,1.44883179664612,1,2.05084991455078,1.4472998380661,1,1.9018337726593,1.44597959518433,1,1.77520477771759,1.44484889507294,1,1.66752576828003,1.44388711452484,1,0,1,1,0.290756851434708,1.0365389585495,1,1.20444738864899,1.13608241081238,1,2.50821423530579,1.25288581848145,1,3.89771890640259,1.34885239601135,0.999999940395355,5.2222466468811,1.41561651229858,1,6.34992074966431,1.45868992805481,1,6.82928609848022,1.48452126979828,1,5.11497259140015,1.49781763553619,1,5.11771726608276,1.4981541633606,0.999999940395355,6.88896417617798,1.49068212509155,1,6.59192705154419,1.48252499103546,0.999999940395355,5.82230854034424,1.47524046897888,1,5.0552659034729,1.46935999393463,1,4.40212726593018,1.46470952033997,1,3.8684549331665,1.46096563339233,1,3.43423628807068,1.45786821842194,1,3.07809805870056,1.455246925354,1,2.78286600112915,1.45299434661865,1,2.53571844100952,1.45104324817657,1,2.32719659805298,1.44934737682343,1,2.15024447441101,1.44787395000458,1,1.99949252605438,1.44659769535065,1,1.87075674533844,1.44549715518951,0.999999940395355,1.76070332527161,1.44455230236053,1,0,1,1,0.277171313762665,1.03567159175873,1,1.13791620731354,1.13311815261841,1,2.34445977210999,1.24811112880707,1,3.58904528617859,1.34297680854797,1,4.70883321762085,1.40895545482635,1,5.56829404830933,1.45150411128998,1,5.87423419952393,1.47745943069458,1,5.42479515075684,1.49088859558105,1,5.44115257263184,1.49233424663544,1,5.98406648635864,1.48659002780914,1,5.9002513885498,1.47972452640533,1,5.41323471069336,1.47351002693176,1,4.83637046813965,1.46831858158112,1,4.29852247238159,1.46408045291901,1,3.83364391326904,1.46059954166412,0.999999940395355,3.44117617607117,1.45769238471985,1,3.11109352111816,1.45522320270538,1,2.83254790306091,1.4530987739563,1,2.59626150131226,1.45125567913055,1,2.39481830596924,1.44965076446533,1,2.22239398956299,1.44825196266174,1,2.074387550354,1.44703388214111,1,1.94712316989899,1.44597709178925,1,1.83761370182037,1.44506311416626,1,0,1,1,0.256720125675201,1.0346451997757,1,1.03940165042877,1.12943577766418,1,2.1079728603363,1.24180805683136,0.999999940395355,3.16641116142273,1.33472943305969,1,4.07375144958496,1.39905595779419,1,4.76996612548828,1.44004261493683,1,5.18237972259521,1.46464371681213,1,5.31153011322021,1.4773782491684,1,5.36788845062256,1.48095178604126,1,5.39476585388184,1.4789046049118,1,5.22945594787598,1.47479426860809,0.999999940395355,4.88984489440918,1.47040843963623,0.999999940395355,4.48083734512329,1.46636819839478,0.999999940395355,4.07418489456177,1.46283328533173,1,3.70135545730591,1.45979106426239,1,3.3714063167572,1.45717656612396,1,3.08368682861328,1.45491850376129,1,2.83413219451904,1.45295798778534,1,2.61794400215149,1.45124757289886,1,2.43059635162354,1.44975125789642,1,2.26812219619751,1.44844186306,1,2.12714123725891,1.44729673862457,1,2.00479173660278,1.44629776477814,1,1.89864480495453,1.44542860984802,1,0,1,1,0.232521176338196,1.03359067440033,1,0.92518150806427,1.12575852870941,1,1.83820533752441,1.2357941865921,1,2.6914427280426,1.32726430892944,1,3.36717200279236,1.39038836956024,0.999999940395355,3.86257457733154,1.42998254299164,0.999999940395355,4.20649862289429,1.45323622226715,1,4.42601346969604,1.46561574935913,1,4.54351806640625,1.47075355052948,1,4.56275796890259,1.47138893604279,0.999999940395355,4.47315692901611,1.46967160701752,1,4.28718996047974,1.46698272228241,1,4.04057455062866,1.46405816078186,1,3.76936602592468,1.4612432718277,1,3.49867391586304,1.45867586135864,1,3.24261021614075,1.45639073848724,0.999999940395355,3.00767421722412,1.45437574386597,1,2.79591178894043,1.4526047706604,1,2.60702633857727,1.45104825496674,1,2.4396231174469,1.44967949390411,1,2.29187154769897,1.44847667217255,1,2.1618480682373,1.44741976261139,1,2.04769086837769,1.44649362564087,1,1.9476717710495,1.44568359851837,0.999999940395355,0,1,1,0.207124024629593,1.03258645534515,1,0.808514058589935,1.12258434295654,1,1.56704187393188,1.23150134086609,1,2.2136218547821,1.3234076499939,1,2.63697719573975,1.3874683380127,1,2.85920524597168,1.42754375934601,1,2.98052835464478,1.45045697689056,0.999999940395355,3.12177515029907,1.46201646327972,1,3.32304215431213,1.46665728092194,1,3.51730513572693,1.46747493743896,0.999999940395355,3.62961339950562,1.46633923053741,1,3.63774752616882,1.46430277824402,1,3.55854058265686,1.46195256710052,1,3.42141842842102,1.45960319042206,1,3.25335240364075,1.45740330219269,1,3.07400798797607,1.45541036128998,1,2.89594197273254,1.45363283157349,1,2.72638177871704,1.4520583152771,1,2.56902098655701,1.45066726207733,0.999999940395355,2.42537927627563,1.44944000244141,1,2.29570722579956,1.44835674762726,0.999999940395355,2.17955541610718,1.44740200042725,1,2.07611227035522,1.44656085968018,1,1.98439991474152,1.44582200050354,0.999999940395355,0,1,1,0.182392939925194,1.03163981437683,1,0.698583841323853,1.11997008323669,1,1.31743991374969,1.22922360897064,1,1.77563500404358,1.324094414711,0.999999940395355,1.95137858390808,1.39235842227936,0.999999940395355,1.86635994911194,1.4361857175827,1,1.68802762031555,1.46065258979797,1,1.69191551208496,1.47047531604767,1,1.99976801872253,1.47134149074554,1,2.43541765213013,1.46880185604095,1,2.79271411895752,1.46573090553284,1,3.00265383720398,1.46288454532623,1,3.08123922348022,1.46034061908722,0.999999940395355,3.06620144844055,1.45807480812073,1,2.99216938018799,1.45606482028961,1,2.88500618934631,1.45428800582886,1,2.76229596138,1.45272040367126,1,2.63527965545654,1.45133888721466,1,2.51077270507812,1.45011949539185,1,2.39266347885132,1.44904220104218,1,2.28297305107117,1.44808995723724,1,2.18255877494812,1.4472473859787,1,2.09157609939575,1.44650256633759,1,2.00976729393005,1.44584512710571,1,0,1,1,0.159444451332092,1.03068578243256,1,0.600540280342102,1.11745810508728,1,1.10405993461609,1.227698802948,1,1.41488099098206,1.32710683345795,1,1.39851117134094,1.40199828147888,1,1.06834065914154,1.45224344730377,1,0.64522385597229,1.4798743724823,1,0.539239108562469,1.48725712299347,1,0.93378210067749,1.4819473028183,1,1.5547661781311,1.47364568710327,1,2.0959095954895,1.46698069572449,1,2.45699000358582,1.46234512329102,1,2.65549945831299,1.4590710401535,0.999999940395355,2.73605418205261,1.45661211013794,1,2.73869514465332,1.45465564727783,1,2.69311046600342,1.45303392410278,1,2.61980223655701,1.45165467262268,1,2.532390832901,1.45046186447144,1,2.43965768814087,1.44941985607147,1,2.34709072113037,1.44850182533264,1,2.25799226760864,1.44769024848938,1,2.17422986030579,1.44697022438049,1,2.09674882888794,1.44633078575134,1,2.02590823173523,1.44576334953308,1,0,1,1,0.13873590528965,1.02962374687195,1,0.516083359718323,1.11429333686829,1,0.932962775230408,1.22452831268311,1,1.1548570394516,1.3274028301239,1,1.05217015743256,1.40786635875702,0.999999940395355,0.643561124801636,1.46334671974182,0.999999940395355,0.166660264134407,1.49328005313873,0.999999940395355,0.0360057950019836,1.49889290332794,1,0.421685785055161,1.48943269252777,0.999999940395355,1.05626690387726,1.47710692882538,1,1.6379497051239,1.46770167350769,1,2.05545854568481,1.46157217025757,1,2.31480860710144,1.45763838291168,1,2.45407056808472,1.4549902677536,1,2.51022410392761,1.45308208465576,1,2.51177382469177,1.45161581039429,1,2.47906064987183,1.45043003559113,0.999999940395355,2.42609429359436,1.44943594932556,1,2.36230754852295,1.44858074188232,1,2.29392886161804,1.44783306121826,1,2.22497510910034,1.44717228412628,1,2.15795874595642,1.44658422470093,1,2.09438252449036,1.44605898857117,1,2.03507399559021,1.4455897808075,1,0,1,1,0.12026397138834,1.02838861942291,1,0.444287866353989,1.10990869998932,1,0.800723433494568,1.21769464015961,1,0.990138590335846,1.32039082050323,0.999999940395355,0.908110678195953,1.40198111534119,1,0.586926817893982,1.45825242996216,1,0.229376271367073,1.48834621906281,1,0.13647323846817,1.49469685554504,1,0.425676643848419,1.4865688085556,1,0.925863742828369,1.47500097751617,1,1.41992783546448,1.46567845344543,1,1.80510699748993,1.45944666862488,1,2.06808829307556,1.45549392700195,1,2.22955060005188,1.45294892787933,1,2.31574988365173,1.4512277841568,1,2.34928393363953,1.4499876499176,1,2.34743356704712,1.44903600215912,1,2.32275986671448,1.44826531410217,0.999999940395355,2.28414487838745,1.44761538505554,1,2.23774242401123,1.44705104827881,1,2.18774437904358,1.44655179977417,1,2.13694262504578,1.44610416889191,1,2.08715438842773,1.44570124149323,1,2.03951215744019,1.44533610343933,1,0,1,1,0.103740438818932,1.02700161933899,1,0.382551103830338,1.1043359041214,1,0.696314096450806,1.20706605911255,1,0.886989593505859,1.30565214157104,1,0.879622876644135,1.38407206535339,0.999999940395355,0.708830773830414,1.43791770935059,0.999999940395355,0.514505803585052,1.46765172481537,1,0.474471211433411,1.47717177867889,1,0.662340879440308,1.4742374420166,1,0.999294281005859,1.46704316139221,0.999999940395355,1.36100804805756,1.46034932136536,1,1.66969406604767,1.45551788806915,0.999999940395355,1.90081119537354,1.45235550403595,1,2.05837726593018,1.45033597946167,1,2.15613341331482,1.44902122020721,1,2.20878553390503,1.44812345504761,1,2.22896480560303,1.447469830513,1,2.2266104221344,1.44696021080017,1,2.20920252799988,1.44653880596161,1,2.18221545219421,1.44617307186127,1,2.14957666397095,1.44584608078003,1,2.11405324935913,1.44554698467255,1,2.07755637168884,1.44527161121368,1,2.04137754440308,1.44501638412476,0.999999940395355,0,1,1,0.0887197107076645,1.02556848526001,0.999999940395355,0.327636539936066,1.0981832742691,1,0.606653273105621,1.19434297084808,1,0.806032598018646,1.28664839267731,1,0.872736275196075,1.36009621620178,1,0.831784546375275,1.41098916530609,1,0.766723334789276,1.44100940227509,1,0.774135828018188,1.45450592041016,1,0.900155961513519,1.45746791362762,1,1.11795008182526,1.45561361312866,1,1.36695683002472,1.45263111591339,1,1.59789705276489,1.45008504390717,1,1.78668737411499,1.44830906391144,1,1.92811298370361,1.44717645645142,1,2.02648138999939,1.44647753238678,0.999999940395355,2.08944845199585,1.44604182243347,1,2.12494683265686,1.44575428962708,1,2.13996696472168,1.44554471969604,1,2.1402153968811,1.44537472724915,1,2.13015007972717,1.44522142410278,1,2.11316323280334,1.44507551193237,1,2.09177780151367,1.44493091106415,1,2.06783938407898,1.44478750228882,1,2.04267382621765,1.44464480876923,1,0,1,1,0.0746682807803154,1.02423131465912,1,0.276402443647385,1.09226357936859,1,0.521269738674164,1.18173778057098,1,0.720986068248749,1.26752543449402,1,0.836714625358582,1.33613359928131,1,0.881564438343048,1.38469862937927,1,0.901131212711334,1.41544830799103,1,0.946751892566681,1.4324803352356,1,1.04745316505432,1.44039273262024,0.999999940395355,1.1985741853714,1.44326055049896,0.999999940395355,1.37430894374847,1.4439035654068,1,1.54743003845215,1.44383907318115,1,1.70001137256622,1.44369411468506,1,1.8242826461792,1.44364583492279,1,1.91941559314728,1.44369733333588,1,1.9882116317749,1.44380760192871,1,2.03487086296082,1.44393658638,1,2.06376838684082,1.44405674934387,1,2.07888698577881,1.44415462017059,1,2.08360171318054,1.44422352313995,1,2.08065819740295,1.44426321983337,1,2.07222676277161,1.44427585601807,1,2.05999040603638,1.44426548480988,1,2.04522848129272,1.44423615932465,0.999999940395355,0,1,1,0.0609771274030209,1.02312338352203,1,0.225937277078629,1.08726370334625,1,0.432997494935989,1.17093992233276,0.999999940395355,0.619393765926361,1.25107848644257,1,0.756723523139954,1.31567978858948,0.999999940395355,0.849405765533447,1.36253356933594,1,0.920234739780426,1.39397144317627,1,0.995730102062225,1.41363990306854,1,1.09345674514771,1.4251868724823,1,1.21588933467865,1.43167769908905,0.999999940395355,1.35352671146393,1.43532478809357,1,1.49276173114777,1.43749749660492,1,1.62214183807373,1.43893551826477,1,1.73473739624023,1.43999457359314,1,1.82780015468597,1.44083344936371,0.999999940395355,1.90145659446716,1.44152057170868,1,1.95743870735168,1.44208574295044,0.999999940395355,1.99817943572998,1.44254696369171,1,2.02625322341919,1.44291806221008,1,2.04408001899719,1.44321036338806,1,2.05379104614258,1.44343531131744,1,2.05718946456909,1.44360363483429,1,2.05575776100159,1.44372451305389,1,2.05069231987,1.44380700588226,0.999999940395355,0,1,1,0.0469230078160763,1.02235102653503,1,0.173231139779091,1.08365082740784,1,0.336159616708755,1.1629296541214,1,0.495157510042191,1.23867988586426,1,0.631657123565674,1.30014407634735,1,0.745586395263672,1.34561920166016,1,0.846357047557831,1.3774094581604,0.999999940395355,0.945867657661438,1.39877200126648,1,1.05311834812164,1.41273951530457,1,1.17096090316772,1.42176759243011,1,1.29619801044464,1.42765974998474,1,1.42228126525879,1.43162631988525,1,1.5423971414566,1.43441927433014,1,1.65138483047485,1.43647825717926,1,1.74630784988403,1.43805491924286,0.999999940395355,1.82617878913879,1.43929374217987,1,1.89138627052307,1.44028115272522,1,1.94313907623291,1.441073179245,1,1.98303425312042,1.44170868396759,1,2.01277589797974,1.4422162771225,1,2.03400373458862,1.44261944293976,1,2.04820704460144,1.44293677806854,1,2.05668711662292,1.44318318367004,1,2.06055212020874,1.44337213039398,0.999999940395355,0,1,1,0.0315793864428997,1.02200245857239,1,0.114600718021393,1.08174920082092,0.999999940395355,0.224360048770905,1.15825366973877,1,0.342186510562897,1.23092067241669,1,0.46069198846817,1.28995048999786,1,0.57873260974884,1.33412301540375,0.999999940395355,0.697376728057861,1.36578822135925,1,0.818468570709229,1.38796806335449,1,0.943571925163269,1.40332400798798,1,1.07271790504456,1.41393911838531,1,1.20380091667175,1.4213433265686,1,1.33309209346771,1.42660570144653,1,1.45640587806702,1.43044066429138,1,1.57016241550446,1.43331170082092,1,1.67195057868958,1.43551433086395,1,1.76060712337494,1.43723630905151,1,1.83600854873657,1.43860125541687,1,1.89876556396484,1.43969309329987,1,1.94992792606354,1.44056987762451,1,1.99075937271118,1.44127559661865,1,2.0225784778595,1.44184255599976,1,2.04665660858154,1.44229686260223,1,2.06416702270508,1.44265937805176,1,2.07615804672241,1.44294679164886,1,0,1,1,0.0136602129787207,1.02217268943787,1,0.0448849126696587,1.08187711238861,1,0.0884290486574173,1.15736782550812,0.999999940395355,0.150555774569511,1.22818613052368,1,0.237830251455307,1.28526318073273,0.999999940395355,0.350212574005127,1.32798290252686,1,0.48224213719368,1.35893595218658,1,0.62686812877655,1.38110101222992,1,0.77796870470047,1.3969475030899,1,0.930846512317657,1.40832817554474,1,1.08169877529144,1.41658091545105,0.999999940395355,1.22714078426361,1.42265069484711,1,1.36415910720825,1.42719173431396,1,1.49032747745514,1.43065083026886,1,1.60400581359863,1.43333089351654,1,1.70439207553864,1.43543827533722,1,1.79142248630524,1.43711411952972,1,1.86560010910034,1.43845820426941,1,1.92780363559723,1.43954157829285,1,1.97912430763245,1.44041860103607,1,2.0207371711731,1.44112908840179,1,2.05381464958191,1.44170391559601,1,2.07947278022766,1.44216895103455,0.999999940395355,2.09873938560486,1.44254422187805,1,0,1,1,-0.00875016115605831,1.0229959487915,0.999999940395355,-0.0438189059495926,1.08450043201447,1,-0.0860095471143723,1.16093671321869,1,-0.0963972434401512,1.23103594779968,1,-0.0503111481666565,1.28635632991791,1,0.0536876320838928,1.32719337940216,1,0.202329084277153,1.3566882610321,1,0.378116399049759,1.37798511981964,1,0.565765082836151,1.39349102973938,1,0.754357695579529,1.40490877628326,1,0.936923146247864,1.41342008113861,1,1.10920763015747,1.41984808444977,1,1.26863598823547,1.42476809024811,1,1.41370928287506,1.42858493328094,1,1.54371094703674,1.43158268928528,1,1.65854823589325,1.43396294116974,1,1.7586225271225,1.43587005138397,1,1.84470295906067,1.4374086856842,1,1.91780292987823,1.4386568069458,1,1.97907209396362,1.43967199325562,1,2.0297110080719,1.44049990177155,1,2.07090711593628,1.44117569923401,1,2.10379528999329,1.44172728061676,1,2.12942934036255,1.44217658042908,0.999999940395355,0,1,1,-0.0386727191507816,1.02469301223755,1,-0.164393067359924,1.09042954444885,1,-0.322342664003372,1.17013800144196,0.999999940395355,-0.425535589456558,1.24048030376434,1,-0.425921022891998,1.29378664493561,1,-0.323762148618698,1.33188283443451,1,-0.145587131381035,1.35890984535217,1,0.0763489902019501,1.37839019298553,1,0.315140217542648,1.39274346828461,1,0.552539885044098,1.40353631973267,1,0.777978539466858,1.41178619861603,1,0.986190319061279,1.41817736625671,1,1.17505300045013,1.4231835603714,1,1.34413969516754,1.42714405059814,1,1.49390494823456,1.43030428886414,1,1.62526845932007,1.43284451961517,1,1.73940813541412,1.43490028381348,1,1.83764207363129,1.43657159805298,1,1.92135429382324,1.43793630599976,1,1.99194025993347,1.43905436992645,1,2.05076265335083,1.43997132778168,0.999999940395355,2.09912490844727,1.44072508811951,1,2.13825035095215,1.4413446187973,1,2.16926693916321,1.44185352325439,1,0,1,1,-0.081073135137558,1.02764117717743,1,-0.338898330926895,1.10113036632538,1,-0.659535825252533,1.18707227706909,1,-0.878661811351776,1.25823175907135,1,-0.920644164085388,1.30844008922577,1,-0.79882150888443,1.34224319458008,1,-0.564862310886383,1.36540150642395,1,-0.272794365882874,1.38197696208954,1,0.0363067127764225,1.39437317848206,1,0.336840838193893,1.40395021438599,1,0.615530610084534,1.41150319576263,1,0.867055356502533,1.41753268241882,0.999999940395355,1.09049391746521,1.4223827123642,1,1.28702700138092,1.42630565166473,1,1.45867240428925,1.42949235439301,1,1.60766851902008,1.43209075927734,1,1.73621881008148,1.43421649932861,1,1.84639608860016,1.43596029281616,1,1.94012355804443,1.43739473819733,1,2.01917409896851,1.43857777118683,1,2.08517527580261,1.43955397605896,0.999999940395355,2.1396222114563,1.44036138057709,1,2.18388032913208,1.44102919101715,1,2.21919345855713,1.44158172607422,1,0,1,1,-0.144240006804466,1.03248703479767,1,-0.606393218040466,1.11927402019501,1,-1.16289210319519,1.21537673473358,0.999999940395355,-1.5171240568161,1.28688371181488,1,-1.57234692573547,1.33136641979218,1,-1.38469171524048,1.35827815532684,1,-1.0514862537384,1.37570130825043,0.999999940395355,-0.65628969669342,1.3881813287735,1,-0.254646122455597,1.39788031578064,1,0.122949510812759,1.40576756000519,1,0.463230311870575,1.41230142116547,1,0.762905716896057,1.41773760318756,1,1.02361238002777,1.42225706577301,1,1.2489470243454,1.42600703239441,1,1.4429566860199,1.42911386489868,0.999999940395355,1.60947382450104,1.43168449401855,1,1.75190305709839,1.43381226062775,1,1.87319588661194,1.43557405471802,1,1.97590625286102,1.43703436851501,1,2.06225872039795,1.43824577331543,1,2.13420677185059,1.43925201892853,1,2.19348335266113,1.44008839130402,0.999999940395355,2.24163341522217,1.4407844543457,0.999999940395355,2.2800407409668,1.44136488437653,1,0,1,1,-0.241688594222069,1.04028081893921,1,-1.03636586666107,1.14961445331573,0.999999940395355,-1.93760061264038,1.2608802318573,0.999999940395355,-2.41847634315491,1.32957887649536,1,-2.41070771217346,1.36307489871979,1,-2.07701134681702,1.37925720214844,0.999999940395355,-1.58563852310181,1.38879919052124,1,-1.05125880241394,1.39611482620239,1,-0.53786164522171,1.40260052680969,0.999999940395355,-0.0744570419192314,1.40853428840637,1,0.330347895622253,1.41389083862305,1,0.678165137767792,1.41862046718597,1,0.974778831005096,1.42271602153778,1,1.22700273990631,1.42621207237244,1,1.44127547740936,1.42916738986969,1,1.62317085266113,1.43164896965027,1,1.7773425579071,1.43372488021851,1,1.9076384305954,1.43545842170715,1,2.01725101470947,1.43690526485443,1,2.10886716842651,1.438112616539,1,2.18477845191956,1.43912136554718,1,2.24697136878967,1.43996512889862,1,2.29718518257141,1.44067120552063,1,2.33695697784424,1.44126307964325,1,0,1,1,-0.388634562492371,1.0522358417511,1,-1.72839677333832,1.19902038574219,1,-3.10437774658203,1.33016431331635,1,-3.61871957778931,1.38727712631226,1,-3.39943361282349,1.40143609046936,1,-2.81238675117493,1.40262007713318,1,-2.1041955947876,1.40265607833862,1,-1.40472114086151,1.40435755252838,1,-0.771684885025024,1.40759110450745,1,-0.223212853074074,1.41163098812103,1,0.241919189691544,1.41586315631866,1,0.632782936096191,1.41990697383881,1,0.960423707962036,1.42357170581818,1,1.23524808883667,1.42678737640381,1,1.46612226963043,1.42955422401428,1,1.66026401519775,1.43190598487854,1,1.82345151901245,1.4338903427124,1,1.96031439304352,1.43555843830109,1,2.07460427284241,1.43695819377899,1,2.16941428184509,1.43813228607178,1,2.24734687805176,1.43911838531494,0.999999940395355,2.310626745224,1.43994784355164,1,2.36118340492249,1.44064581394196,0.999999940395355,2.40070843696594,1.44123518466949,1,0,1,1,-0.577570676803589,1.06774127483368,1,-2.70685434341431,1.26884269714355,1,-4.61052894592285,1.41911900043488,1,-4.94598722457886,1.45067143440247,1,-4.35110235214233,1.43841624259949,1,-3.44218969345093,1.42319524288177,1,-2.5028862953186,1.41426610946655,1,-1.64678335189819,1.41120517253876,0.999999940395355,-0.909636378288269,1.41187608242035,1,-0.291973620653152,1.41448247432709,1,0.219697490334511,1.41786563396454,0.999999940395355,0.642467796802521,1.42137277126312,1,0.992443799972534,1.42467308044434,1,1.28317546844482,1.42762768268585,0.999999940395355,1.52547299861908,1.43019771575928,0.999999940395355,1.72777664661407,1.43239653110504,1,1.89665699005127,1.43426036834717,1,2.0372838973999,1.43583273887634,1,2.15380144119263,1.43715703487396,1,2.2496063709259,1.43827223777771,1,2.32754468917847,1.43921303749084,1,2.39004731178284,1.44000840187073,1,2.43921780586243,1.44068241119385,1,2.47689390182495,1.44125509262085,1,0,1,1,-0.712185978889465,1.07911062240601,1,-3.48052215576172,1.32418119907379,0.999999940395355,-5.7077374458313,1.48318660259247,1,-5.78921508789062,1.49030923843384,1,-4.88153648376465,1.45917952060699,1,-3.74479031562805,1.43409538269043,0.999999940395355,-2.65631222724915,1.42045211791992,1,-1.706094622612,1.41515505313873,1,-0.910486102104187,1.41471219062805,0.999999940395355,-0.256435394287109,1.41669940948486,1,0.27835151553154,1.41968047618866,0.999999940395355,0.716332912445068,1.42288458347321,1,1.07671272754669,1.42593383789062,1,1.37473976612091,1.42867064476013,1,1.62212419509888,1.43105018138885,1,1.82778000831604,1.43308329582214,1,1.99855220317841,1.43480443954468,1,2.13980197906494,1.43625688552856,1,2.25584149360657,1.43748104572296,1,2.35023331642151,1.43851518630981,1,2.42598915100098,1.43939089775085,0.999999940395355,2.4857029914856,1.44013559818268,1,2.53162980079651,1.44077086448669,1,2.56574726104736,1.4413149356842,1,0,1,1,-0.654602110385895,1.0754132270813,1,-3.16013669967651,1.3034211397171,1,-5.27819776535034,1.45914793014526,1,-5.46386861801147,1.47595286369324,0.999999940395355,-4.64374160766602,1.45205628871918,1,-3.54860401153564,1.43100118637085,1,-2.47867321968079,1.4196252822876,1,-1.53919517993927,1.41562521457672,1,-0.752110123634338,1.41588854789734,1,-0.105386219918728,1.41820251941681,1,0.423520058393478,1.42127048969269,1,0.857238471508026,1.42441618442535,1,1.21477568149567,1.42732739448547,1,1.51091742515564,1.42988872528076,1,1.75683331489563,1.43208301067352,1,1.96095359325409,1.43393754959106,1,2.12977242469788,1.43549609184265,1,2.26845026016235,1.4368052482605,1,2.38122940063477,1.43790757656097,1,2.47170400619507,1.438840508461,1,2.54298281669617,1.43963432312012,1,2.59778881072998,1.44031405448914,0.999999940395355,2.63851761817932,1.44089913368225,0.999999940395355,2.66727924346924,1.44140577316284,1,0,1,1,-0.463061034679413,1.06139469146729,0.999999940395355,-2.12832903862,1.234823346138,1,-3.744380235672,1.37503361701965,1,-4.17235231399536,1.42062401771545,1,-3.71509385108948,1.42251670360565,1,-2.88531613349915,1.41650021076202,0.999999940395355,-1.98683059215546,1.41317462921143,1,-1.1579874753952,1.41342008113861,1,-0.444209635257721,1.41588246822357,1,0.153079658746719,1.4192727804184,1,0.64866304397583,1.42279398441315,1,1.06018126010895,1.42604875564575,0.999999940395355,1.40304958820343,1.42888617515564,1,1.68933629989624,1.43128526210785,1,1.92817366123199,1.43328261375427,0.999999940395355,2.12654805183411,1.43493700027466,1,2.29000616073608,1.43630826473236,1,2.42316031455994,1.43745028972626,1,2.52999925613403,1.43841075897217,1,2.6140615940094,1.43922567367554,1,2.67852139472961,1.43992340564728,1,2.72622847557068,1.44052720069885,1,2.75972533226013,1.44105291366577,0.999999940395355,2.78126192092896,1.44151449203491,0.999999940395355,0,1,1,-0.27981835603714,1.0484402179718,1,-1.23380255699158,1.17792189121246,1,-2.2639491558075,1.29854202270508,1,-2.69822382926941,1.36232554912567,1,-2.5149564743042,1.38784778118134,1,-1.97066068649292,1.39838194847107,1,-1.29651749134064,1.40481781959534,1,-0.629412770271301,1.41043484210968,1,-0.0285961292684078,1.4157087802887,1,0.491339474916458,1.42046642303467,1,0.935039103031158,1.42455267906189,1,1.31245338916779,1.42793786525726,1,1.63310360908508,1.4306812286377,1,1.90460336208344,1.43288087844849,1,2.13286018371582,1.43464207649231,1,2.32267093658447,1.4360591173172,1,2.47822117805481,1.43721127510071,1,2.60338115692139,1.43816256523132,1,2.70182490348816,1.43896102905273,1,2.77704524993896,1.43964278697968,1,2.83232450485229,1.44023430347443,0.999999940395355,2.8706796169281,1.44075417518616,1,2.89483904838562,1.44121539592743,0.999999940395355,2.90721869468689,1.44162774085999,1,0,1,1,-0.147898867726326,1.04000794887543,1,-0.641542077064514,1.14393711090088,1,-1.20487236976624,1.25001013278961,1,-1.48313868045807,1.32094919681549,1,-1.39252603054047,1.36102342605591,1,-1.03655755519867,1.38389623165131,1,-0.554279744625092,1.3984546661377,1,-0.0469058193266392,1.40878117084503,0.999999940395355,0.433482497930527,1.41652870178223,1,0.868371963500977,1.42242276668549,1,1.25506055355072,1.42689073085785,1,1.59576213359833,1.43025660514832,1,1.89315319061279,1.43278646469116,1,2.14942502975464,1.43469309806824,0.999999940395355,2.36658763885498,1.43614649772644,1,2.54690194129944,1.43727374076843,1,2.6930992603302,1.43816995620728,1,2.80836725234985,1.43890392780304,1,2.89619946479797,1.43952345848083,1,2.96019673347473,1.44006192684174,1,3.00388193130493,1.44054043292999,1,3.0305507183075,1.4409726858139,1,3.04318737983704,1.44136834144592,1,3.04441595077515,1.44173145294189,1,0,1,1,-0.0569240115582943,1.03532493114471,1,-0.257322818040848,1.12625575065613,1,-0.489059716463089,1.22440242767334,1,-0.584524214267731,1.29827344417572,1,-0.483343690633774,1.34629738330841,1,-0.223848193883896,1.37674689292908,0.999999940395355,0.123461090028286,1.39661359786987,1,0.501293241977692,1.41002917289734,1,0.877702534198761,1.41926693916321,1,1.23865807056427,1.42566084861755,1,1.57762444019318,1.43007969856262,1,1.88976383209229,1.43312847614288,0.999999940395355,2.17056965827942,1.43523764610291,1,2.41642498970032,1.43670988082886,1,2.62533640861511,1.43775939941406,0.999999940395355,2.79720139503479,1.43853366374969,1,2.93363904953003,1.43913400173187,0.999999940395355,3.03755784034729,1.43962752819061,1,3.11265754699707,1.44005608558655,1,3.16297078132629,1.44044601917267,1,3.19250750541687,1.44081175327301,1,3.20501160621643,1.44115972518921,0.999999940395355,3.20382833480835,1.44149243831635,1,3.1918408870697,1.44181036949158,1,0,1,1,0.00877106282860041,1.03322625160217,1,0.00724237319082022,1.11890137195587,1,0.0084430705755949,1.21448731422424,1,0.0647841766476631,1.29066288471222,1,0.202265754342079,1.34319198131561,1,0.409690588712692,1.37774670124054,1,0.662893116474152,1.40029001235962,1,0.944176197052002,1.41496300697327,0.999999940395355,1.24453806877136,1.42443573474884,1,1.55673170089722,1.43046641349792,1,1.87042117118835,1.43424677848816,1,2.17268419265747,1.43658208847046,1,2.45103883743286,1.43800842761993,1,2.69598150253296,1.43887650966644,1,2.90202045440674,1.43941593170166,1,3.06751203536987,1.43977439403534,1,3.1938488483429,1.44004428386688,0.999999940395355,3.28448128700256,1.44028162956238,1,3.34399104118347,1.44051790237427,1,3.37734985351562,1.44076454639435,1,3.38940954208374,1.44102609157562,1,3.3845808506012,1.44129908084869,1,3.36668658256531,1.44157874584198,1,3.33892512321472,1.44185972213745,0.999999940395355,0,1,1,0.0603650212287903,1.03291118144989,1,0.206308841705322,1.11836063861847,1,0.374869793653488,1.21537923812866,0.999999940395355,0.536902666091919,1.29441368579865,1,0.691672027111053,1.34979569911957,1,0.8472940325737,1.38621187210083,1,1.01924753189087,1.40937554836273,1,1.22775745391846,1.42363595962524,1,1.48527526855469,1.43205344676971,1,1.78649854660034,1.43677186965942,1,2.11091780662537,1.43925034999847,1,2.43288564682007,1.44043076038361,1,2.73017168045044,1.4408917427063,1,2.98775172233582,1.44098055362701,1,3.19804382324219,1.44090533256531,1,3.35952138900757,1.44078958034515,1,3.47489523887634,1.44070267677307,1,3.54941940307617,1.44067716598511,0.999999940395355,3.58951449394226,1.44072282314301,1,3.60176014900208,1.44083487987518,1,3.59226989746094,1.44100117683411,1,3.56635570526123,1.44120800495148,1,3.52842426300049,1.44144082069397,1,3.48200511932373,1.44168853759766,1,0,1,1,0.105274237692356,1.03389847278595,0.999999940395355,0.372709006071091,1.12268781661987,0.999999940395355,0.66608726978302,1.22411012649536,0.999999940395355,0.886188089847565,1.30673241615295,1,1.0135817527771,1.36413085460663,0.999999940395355,1.08115065097809,1.40101623535156,0.999999940395355,1.1540675163269,1.42333877086639,1,1.30188226699829,1.43579351902008,1,1.55785894393921,1.44192945957184,1,1.90362799167633,1.44437539577484,0.999999940395355,2.29167795181274,1.44488763809204,1,2.67443418502808,1.4444944858551,1,3.01816749572754,1.44374334812164,1,3.30432915687561,1.44291627407074,0.999999940395355,3.52623414993286,1.44215977191925,1,3.68524718284607,1.44154870510101,1,3.78763294219971,1.44111239910126,0.999999940395355,3.84213018417358,1.44084918498993,1,3.85816884040833,1.44073855876923,1,3.84468936920166,1.44075107574463,1,3.80947613716125,1.44085550308228,1,3.75891447067261,1.44102382659912,1,3.69802045822144,1.44123256206512,1,3.63060569763184,1.44146430492401,1,0,1,1,0.148451149463654,1.03589117527008,1,0.527730762958527,1.13069987297058,0.999999940395355,0.920121788978577,1.23862540721893,1,1.15380501747131,1.32524359226227,1,1.19065201282501,1.38409566879272,0.999999940395355,1.09393155574799,1.42069756984711,0.999999940395355,1.00868940353394,1.44134521484375,1,1.09699106216431,1.45090925693512,1,1.41609156131744,1.45356786251068,1,1.8940566778183,1.45276570320129,1,2.42056632041931,1.45068693161011,1,2.91465330123901,1.44837808609009,1,3.33379459381104,1.44624412059784,1,3.66210460662842,1.44442570209503,1,3.89923119544983,1.44297027587891,1,4.05340003967285,1.44188547134399,1,4.13722229003906,1.44114696979523,1,4.16486740112305,1.4407057762146,1,4.15005397796631,1.44050061702728,1,4.10478639602661,1.44046986103058,1,4.03881120681763,1.44056034088135,0.999999940395355,3.9596118927002,1.4407285451889,1,3.87270092964172,1.44094300270081,1,3.78200817108154,1.44118118286133,1,0,1,1,0.193593189120293,1.03865993022919,1,0.68803334236145,1.14143705368042,1,1.17138612270355,1.25699591636658,1,1.388751745224,1.34729409217834,0.999999940395355,1.26545035839081,1.4068957567215,1,0.8736891746521,1.44304525852203,1,0.492963135242462,1.46211266517639,1,0.514467418193817,1.46813404560089,1,1.02493238449097,1.46608746051788,1,1.77885746955872,1.46108555793762,1,2.54008507728577,1.45595157146454,1,3.1959228515625,1.45156157016754,1,3.71151304244995,1.44800543785095,1,4.08643102645874,1.44520509243011,1,4.33425760269165,1.44309496879578,1,4.47442054748535,1.44161248207092,1,4.52868032455444,1.44067108631134,1,4.51860189437866,1.44015848636627,1,4.46338558197021,1.43995749950409,1,4.37861013412476,1.4399676322937,1,4.27599620819092,1.44010925292969,0.999999940395355,4.16387844085693,1.44032657146454,1,4.04792976379395,1.44058239459991,1,3.93188285827637,1.44085228443146,1,0,1,1,0.243434175848961,1.04198944568634,1,0.86781769990921,1.15391552448273,1,1.45830106735229,1.27710390090942,1,1.67319464683533,1.3697065114975,1,1.367555975914,1.42850005626678,1,0.506618976593018,1.46398651599884,0.999999940395355,-0.471794813871384,1.48287129402161,1,-0.517946839332581,1.48545849323273,1,0.449895292520523,1.4776017665863,1,1.67282545566559,1.46788859367371,1,2.74905681610107,1.45973634719849,1,3.5881974697113,1.45344221591949,1,4.19681119918823,1.44860029220581,1,4.60523796081543,1.44490802288055,0.999999940395355,4.84679174423218,1.44224107265472,0.999999940395355,4.9543399810791,1.44050121307373,1,4.96072340011597,1.43952631950378,1,4.89674949645996,1.43910944461823,1,4.788161277771,1.43905568122864,1,4.65422010421753,1.43921542167664,1,4.50815343856812,1.4394873380661,0.999999940395355,4.35848903656006,1.43980836868286,1,4.21045112609863,1.44014191627502,1,4.06708812713623,1.44046795368195,1,0,1,1,0.299479067325592,1.04556679725647,1,1.07707786560059,1.16688144207001,1,1.81768047809601,1.29676532745361,1,2.12288761138916,1.38982951641083,1,1.80523681640625,1.44513714313507,1,0.519931256771088,1.4769983291626,1,-1.50554859638214,1.49633228778839,0.999999940395355,-1.5654284954071,1.49685502052307,0.999999940395355,0.143229410052299,1.48415529727936,0.999999940395355,1.8608386516571,1.47117853164673,1,3.20557904243469,1.46111834049225,1,4.17879390716553,1.45356690883636,1,4.83854341506958,1.4477025270462,0.999999940395355,5.2477879524231,1.44319152832031,1,5.45516157150269,1.44007134437561,1,5.50313329696655,1.43828904628754,1,5.43667984008789,1.43754982948303,0.999999940395355,5.29844999313354,1.43747591972351,1,5.12174940109253,1.43775737285614,0.999999940395355,4.9289116859436,1.43819642066956,1,4.73340940475464,1.43868100643158,1,4.54275274276733,1.43915545940399,1,4.36079359054565,1.43959593772888,1,4.18926429748535,1.43999350070953,1,0,1,1,0.36156553030014,1.04907810688019,1,1.31595182418823,1.17908430099487,1,2.25406002998352,1.31422817707062,1,2.77998495101929,1.40715932846069,1,2.87089419364929,1.4588189125061,1,2.22151494026184,1.48209691047668,1,-0.0429499708116055,1.49235272407532,1,-0.546953439712524,1.4926598072052,1,0.988668203353882,1.48197889328003,0.999999940395355,2.65835165977478,1.46986532211304,1,4.03444719314575,1.45995128154755,1,5.01493120193481,1.45207917690277,1,5.64944124221802,1.44529366493225,1,6.01916265487671,1.4397360086441,1,6.16254711151123,1.436194896698,1,6.11786365509033,1.43473780155182,1,5.94720411300659,1.43468689918518,1,5.71133756637573,1.43531715869904,1,5.45194435119629,1.4361720085144,1,5.19229173660278,1.43703198432922,1,4.94366931915283,1.43781042098999,1,4.71077156066895,1.43848371505737,0.999999940395355,4.49495077133179,1.43905603885651,1,4.29596853256226,1.43953943252563,1,0,1,1,0.427821189165115,1.05224227905273,0.999999940395355,1.57421219348907,1.18941557407379,1,2.72240257263184,1.32752549648285,1,3.46890735626221,1.41995203495026,1,4.02516508102417,1.47253096103668,0.999999940395355,4.6400785446167,1.49533474445343,1,3.79737091064453,1.49196994304657,1,2.38798999786377,1.4839928150177,0.999999940395355,2.74662709236145,1.47540581226349,1,3.95645666122437,1.46582937240601,1,5.1836633682251,1.45769453048706,1,6.03447341918945,1.45029187202454,0.999999940395355,6.5639123916626,1.44179332256317,1,6.88577747344971,1.43395030498505,1,6.95233631134033,1.42994046211243,1,6.77615928649902,1.42959725856781,1,6.46430444717407,1.43098855018616,1,6.10849046707153,1.43278574943542,1,5.75637626647949,1.43445086479187,0.999999940395355,5.42699337005615,1.43584132194519,1,5.12579011917114,1.43696022033691,0.999999940395355,4.85262537002563,1.43785083293915,1,4.60536098480225,1.43856036663055,1,4.38135099411011,1.43912959098816,1,0,1,1,0.496014446020126,1.054927110672,1,1.8476939201355,1.19779121875763,1,3.20361375808716,1.33607757091522,1,4.04261445999146,1.42362570762634,1,4.49697399139404,1.47259783744812,1,4.84339475631714,1.49520611763,1,4.54655790328979,1.49097883701324,1,3.94018936157227,1.47904169559479,1,4.22197151184082,1.46962940692902,0.999999940395355,5.29655981063843,1.46219670772552,1,6.42807388305664,1.45738017559052,1,7.04613256454468,1.45150005817413,1,7.41690349578857,1.43816208839417,1,7.78771352767944,1.42426407337189,1,7.78414344787598,1.4204488992691,1,7.42017316818237,1.423055768013,1,6.9323878288269,1.42691898345947,1,6.44737148284912,1.43027257919312,0.999999940395355,6.00532960891724,1.43285524845123,1,5.6128134727478,1.43478357791901,1,5.26599454879761,1.43622124195099,1,4.95876121520996,1.43730199337006,1,4.68525409698486,1.43812549114227,1,4.44048690795898,1.43876159191132,1,0,1,1,0.563233613967896,1.05715072154999,1,2.14797401428223,1.20588219165802,1,3.79154777526855,1.34554386138916,1,4.81007957458496,1.42623353004456,1,5.11748170852661,1.4630491733551,1,4.98331785202026,1.4776793718338,0.999999940395355,4.78203248977661,1.47814524173737,0.999999940395355,4.71771621704102,1.47165369987488,0.999999940395355,5.1996808052063,1.46473562717438,1,6.30944299697876,1.46051442623138,1,7.43202877044678,1.4611781835556,1,7.78434181213379,1.4601571559906,1,7.98742055892944,1.43563103675842,1,8.64334297180176,1.40870189666748,1,8.51473617553711,1.40911912918091,1,7.91165637969971,1.41700053215027,1,7.25860071182251,1.4237072467804,1,6.67151784896851,1.42847168445587,1,6.16453695297241,1.43177568912506,1,5.72824716567993,1.43408977985382,1,5.35016870498657,1.4357396364212,1,5.01949453353882,1.43693947792053,0.999999940395355,4.72771739959717,1.43782949447632,1,4.46829509735107,1.43850147724152,0.999999940395355,0,1,1,0.6197789311409,1.05861294269562,1,2.4538676738739,1.21426975727081,1,4.53073787689209,1.36260938644409,1,6.06353235244751,1.44630682468414,1,6.6687445640564,1.47510182857513,1,6.1846981048584,1.47539269924164,1,5.53446865081787,1.47059988975525,1,5.34735631942749,1.46553540229797,1,5.75813245773315,1.46100866794586,1,6.7208776473999,1.45936453342438,1,7.71009111404419,1.46294784545898,1,7.96014213562012,1.46502387523651,1,8.12590026855469,1.4350061416626,0.999999940395355,8.92048740386963,1.40207755565643,1,8.71651649475098,1.40554904937744,1,8.03975772857666,1.4154018163681,1,7.34552049636841,1.42292869091034,1,6.73338270187378,1.42804551124573,1,6.20884323120117,1.43150913715363,1,5.75885343551636,1.43389558792114,1,5.36937189102173,1.4355753660202,0.999999940395355,5.02888250350952,1.4367835521698,0.999999940395355,4.72853517532349,1.43767011165619,0.999999940395355,4.46160507202148,1.43833303451538,1,0,1,1,0.645259082317352,1.05833530426025,1,2.63967061042786,1.217564702034,1,5.07875299453735,1.37655377388,1,7.07865190505981,1.4706552028656,1,7.94155931472778,1.49861240386963,1,7.21331930160522,1.48528969287872,1,6.17072534561157,1.46977305412292,1,5.75064849853516,1.46191942691803,1,5.96103858947754,1.45801913738251,1,6.6129264831543,1.45670604705811,1,7.30617094039917,1.45734572410583,1,7.61884593963623,1.45415782928467,0.999999940395355,7.85871553421021,1.43620419502258,0.999999940395355,8.28899955749512,1.41689300537109,1,8.22614097595215,1.41453957557678,1,7.74930858612061,1.41966903209686,1,7.17275142669678,1.42504060268402,1,6.62386989593506,1.42916250228882,1,6.13329648971558,1.43212103843689,1,5.70142126083374,1.43422508239746,1,5.32121992111206,1.43573260307312,1,4.98499631881714,1.43682777881622,1,4.68606615066528,1.43763601779938,1,4.41897201538086,1.43824195861816,1,0,1,1,0.6227205991745,1.05542719364166,1,2.56065678596497,1.20810997486115,0.999999940395355,4.95076656341553,1.36462414264679,1,6.83072471618652,1.45898973941803,1,7.58130025863647,1.48845481872559,1,7.07954788208008,1.47923040390015,1,6.26289415359497,1.46531510353088,1,5.86605405807495,1.4581526517868,1,5.94153547286987,1.45521593093872,1,6.3237681388855,1.45379817485809,0.999999940395355,6.77613639831543,1.45217728614807,1,7.10299873352051,1.4477698802948,1,7.34705448150635,1.43860876560211,1,7.54844903945923,1.42913055419922,1,7.52149868011475,1.42533695697784,1,7.23609638214111,1.42628657817841,1,6.82175636291504,1.42882239818573,0.999999940395355,6.37974262237549,1.43133997917175,1,5.95567607879639,1.43339443206787,1,5.56490707397461,1.43496835231781,1,5.21026802062988,1.43615019321442,1,4.89007520675659,1.43703544139862,0.999999940395355,4.60129070281982,1.43770289421082,1,4.34068822860718,1.43821060657501,1,0,1,1,0.559848546981812,1.05038213729858,1,2.25847721099854,1.18758594989777,1,4.29269504547119,1.32949960231781,0.999999940395355,5.80302333831787,1.41783618927002,0.999999940395355,6.4484429359436,1.45307016372681,0.999999940395355,6.33386564254761,1.45810794830322,1,5.96516561508179,1.45509898662567,0.999999940395355,5.76246356964111,1.45338749885559,1,5.80930662155151,1.45311570167542,1,6.02675819396973,1.45261466503143,1,6.30842924118042,1.45082378387451,1,6.56614208221436,1.44716691970825,1,6.76593732833862,1.44177460670471,1,6.88420486450195,1.43637263774872,0.999999940395355,6.86296081542969,1.4330769777298,1,6.6846227645874,1.43220806121826,1,6.396315574646,1.43277585506439,1,6.05687093734741,1.43385350704193,1,5.70641708374023,1.43496203422546,1,5.36628246307373,1.43592739105225,1,5.04617071151733,1.4367139339447,0.999999940395355,4.74968576431274,1.43733668327332,0.999999940395355,4.47742986679077,1.43782615661621,1,4.228600025177,1.43821024894714,1,0,1,1,0.481724679470062,1.04469692707062,1,1.89851450920105,1.16464781761169,1,3.56694531440735,1.29114079475403,1,4.81148242950439,1.37575089931488,1,5.44948768615723,1.41855311393738,1,5.61546039581299,1.43664598464966,1,5.58608055114746,1.44480347633362,1,5.58254718780518,1.4501188993454,1,5.66244220733643,1.4537764787674,1,5.79312181472778,1.45497989654541,1,5.94700050354004,1.45348155498505,1,6.10559988021851,1.4500138759613,1,6.23962497711182,1.44563722610474,1,6.31349992752075,1.44145655632019,1,6.29453992843628,1.43838751316071,1,6.17194652557373,1.43671190738678,1,5.96402645111084,1.43612635135651,1,5.70250988006592,1.43616938591003,1,5.4162220954895,1.43649482727051,1,5.12529373168945,1.4369044303894,1,4.84191417694092,1.43730533123016,1,4.57273864746094,1.43766117095947,1,4.32097768783569,1.43796467781067,1,4.08779096603394,1.43821775913239,0.999999940395355,0,1,1,0.407999664545059,1.03952407836914,1,1.58406567573547,1.14488959312439,1,2.98230242729187,1.25979506969452,1,4.08126258850098,1.34340441226959,1,4.75365924835205,1.39330065250397,1,5.10496473312378,1.42160093784332,1,5.30458736419678,1.43919718265533,1,5.47263669967651,1.45171010494232,1,5.62157106399536,1.45998239517212,1,5.71131658554077,1.46277189254761,0.999999940395355,5.75324583053589,1.46038925647736,1,5.79350185394287,1.45538449287415,1,5.83788633346558,1.45008289813995,1,5.8574333190918,1.44556486606598,1,5.82279825210571,1.4421900510788,1,5.72085523605347,1.43996322154999,1,5.5566668510437,1.43867325782776,1,5.34649038314819,1.4380316734314,1,5.10904216766357,1.43778562545776,1,4.86020851135254,1.43775606155396,1,4.61147689819336,1.43783354759216,1,4.37032222747803,1.43795561790466,1,4.14118957519531,1.4380909204483,1,3.92642784118652,1.43822312355042,1,0,1,1,0.345450162887573,1.03526067733765,0.999999940395355,1.33470356464386,1.1294287443161,1,2.54428386688232,1.23624813556671,1,3.56423425674438,1.32018840312958,1,4.28411245346069,1.37626600265503,1,4.77693748474121,1.4128829240799,1,5.1586856842041,1.43867170810699,1,5.49698734283447,1.45822024345398,1,5.75143766403198,1.47115623950958,1,5.82808494567871,1.47462177276611,1,5.75101613998413,1.46965146064758,1,5.64456272125244,1.4616025686264,1,5.56894636154175,1.45430874824524,1,5.50933504104614,1.44876742362976,1,5.43481731414795,1.44482910633087,0.999999940395355,5.3258957862854,1.44215250015259,1,5.17794322967529,1.44041728973389,1,4.99674320220947,1.43934857845306,1,4.79275369644165,1.43872773647308,1,4.57683944702148,1.43839156627655,1,4.35811519622803,1.4382312297821,1,4.14330577850342,1.43817412853241,1,3.93693423271179,1.43817710876465,1,3.7417516708374,1.43821275234222,0.999999940395355,0,1,1,0.293668180704117,1.03184163570404,1,1.13708436489105,1.11744403839111,1,2.20578169822693,1.21829748153687,1,3.17217803001404,1.30273723602295,1,3.93299579620361,1.36372148990631,1,4.53511381149292,1.40678703784943,1,5.06159210205078,1.43883001804352,1,5.5456657409668,1.46344935894012,1,5.90113639831543,1.47923159599304,1,5.98158025741577,1.48258602619171,1,5.81045055389404,1.47560358047485,1,5.57109260559082,1.46548330783844,1,5.37536954879761,1.45683419704437,1,5.2284631729126,1.45056903362274,1,5.10125589370728,1.44625055789948,1,4.9693021774292,1.44331991672516,1,4.82064247131348,1.44135749340057,1,4.65333986282349,1.44006669521332,1,4.4712381362915,1.43923723697662,1,4.28044176101685,1.43871855735779,1,4.08711624145508,1.43840718269348,1,3.89641380310059,1.43822968006134,1,3.71216416358948,1.43813955783844,1,3.53694152832031,1.43810546398163,1,0,1,1,0.250120937824249,1.02908957004547,1,0.973561227321625,1.10789287090302,1,1.92273569107056,1.20375955104828,1,2.83372926712036,1.28801262378693,1,3.60853958129883,1.35207581520081,1,4.27070665359497,1.39909613132477,1,4.87266302108765,1.43429851531982,0.999999940395355,5.41793966293335,1.46040225028992,1,5.80595684051514,1.47626650333405,0.999999940395355,5.89817142486572,1.47982656955719,0.999999940395355,5.71380853652954,1.47382318973541,0.999999940395355,5.42539405822754,1.46465075016022,1,5.16179418563843,1.45653438568115,1,4.95237827301025,1.45053207874298,1,4.78060960769653,1.44635105133057,1,4.6244969367981,1.44348406791687,1,4.4694390296936,1.44152748584747,1,4.30897617340088,1.44020020961761,1,4.14232444763184,1.43930912017822,1,3.97174644470215,1.43872022628784,1,3.80062985420227,1.43833959102631,1,3.63233613967896,1.43810153007507,1,3.46965098381042,1.43796098232269,1,3.31461429595947,1.43788719177246,1,0,1,1,0.212312459945679,1.0268406867981,1,0.830748856067657,1.10000479221344,0.999999940395355,1.66604614257812,1.19122052192688,1,2.50496745109558,1.27422285079956,1,3.25490975379944,1.33938050270081,1,3.91831994056702,1.38790309429169,1,4.5191478729248,1.42362248897552,1,5.0418529510498,1.44890415668488,1,5.40308523178101,1.46387839317322,1,5.509361743927,1.46854555606842,1,5.37475728988647,1.46558904647827,1,5.12011432647705,1.45948386192322,1,4.85587882995605,1.4534512758255,1,4.62687683105469,1.44866704940796,1,4.43420553207397,1.44518065452576,1,4.26511764526367,1.44271767139435,1,4.10753965377808,1.44099497795105,1,3.95400929450989,1.4397976398468,1,3.80137491226196,1.43897092342377,1,3.64936065673828,1.43840730190277,1,3.49920225143433,1.4380304813385,1,3.35266447067261,1.43778574466705,0.999999940395355,3.21146774291992,1.4376345872879,1,3.07700061798096,1.43755042552948,1,0,1,1,0.178415313363075,1.02498316764832,1,0.700441300868988,1.09334635734558,1,1.42056214809418,1.1800662279129,1,2.16705060005188,1.26088666915894,1,2.85470271110535,1.32559061050415,1,3.47077441215515,1.37401247024536,1,4.01964044570923,1.4090883731842,1,4.48044967651367,1.43327403068542,1,4.79652452468872,1.44789814949036,0.999999940395355,4.91427183151245,1.45422673225403,1,4.84307813644409,1.45458805561066,1,4.65667200088501,1.45192515850067,1,4.43493223190308,1.44849920272827,1,4.22378206253052,1.44541752338409,1,4.03686141967773,1.442990899086,0.999999940395355,3.8716413974762,1.44118583202362,1,3.72126150131226,1.43987584114075,1,3.57980751991272,1.43893945217133,1,3.44368767738342,1.43827652931213,1,3.31139540672302,1.43781423568726,0.999999940395355,3.1828076839447,1.43750011920929,1,3.05851626396179,1.43729305267334,1,2.93936228752136,1.43716561794281,1,2.82613968849182,1.43709719181061,1,0,1,1,0.147230088710785,1.02345299720764,1,0.57816070318222,1.08773398399353,1,1.1802591085434,1.17022430896759,1,1.81706380844116,1.24836647510529,1,2.41411471366882,1.31175971031189,1,2.95153617858887,1.35939335823059,1,3.42423057556152,1.39370262622833,0.999999940395355,3.81381702423096,1.4173150062561,1,4.08502864837646,1.4322555065155,1,4.20845985412598,1.44031262397766,1,4.18993520736694,1.44346833229065,1,4.07249164581299,1.44374775886536,1,3.90923452377319,1.44274473190308,1,3.7385458946228,1.44140410423279,1,3.57863974571228,1.44015324115753,1,3.43389940261841,1.43912529945374,1,3.30243062973022,1.43832993507385,1,3.18080139160156,1.4377349615097,1,3.06614375114441,1.43730044364929,1,2.95670652389526,1.43699181079865,1,2.851731300354,1.43678081035614,1,2.75112080574036,1.43664503097534,1,2.65512537956238,1.43656742572784,1,2.56410551071167,1.43653559684753,1,0,1,1,0.117961689829826,1.02221763134003,1,0.461397051811218,1.08312177658081,1,0.943145573139191,1.16186606884003,1,1.45783364772797,1.23730778694153,1,1.94515466690063,1.29912602901459,1,2.38540768623352,1.34584105014801,1,2.77131223678589,1.37959718704224,1,3.08931016921997,1.40310251712799,1,3.31796884536743,1.41867280006409,1,3.44065952301025,1.42823958396912,1,3.46043610572815,1.43352937698364,1,3.40193319320679,1.43606221675873,0.999999940395355,3.29877662658691,1.43702495098114,1,3.17934226989746,1.4372056722641,1,3.060711145401,1.43705415725708,1,2.95006537437439,1.43679690361023,0.999999940395355,2.84866786003113,1.4365348815918,1,2.75526022911072,1.43630838394165,1,2.6680634021759,1.4361298084259,1,2.58564972877502,1.435999751091,0.999999940395355,2.50716805458069,1.43591451644897,1,2.43225979804993,1.43586933612823,0.999999940395355,2.36089110374451,1.43585872650146,1,2.29319834709167,1.43587779998779,1,0,1,1,0.0900080054998398,1.02127623558044,1,0.348257124423981,1.07956254482269,1,0.707593679428101,1.15527164936066,1,1.09090507030487,1.22836756706238,1,1.45485031604767,1.2887247800827,1,1.78545618057251,1.33462357521057,0.999999940395355,2.0778911113739,1.36802244186401,0.999999940395355,2.3237943649292,1.39162480831146,1,2.51025700569153,1.4078254699707,1,2.6269953250885,1.41855502128601,1,2.6744863986969,1.42536795139313,1,2.66570901870728,1.42950975894928,1,2.62039399147034,1.43193292617798,1,2.55719614028931,1.43330693244934,1,2.48910140991211,1.43406736850739,0.999999940395355,2.42294263839722,1.43448090553284,1,2.36114168167114,1.4347026348114,1,2.30375599861145,1.43482267856598,0.999999940395355,2.24997663497925,1.4348931312561,1,2.19893455505371,1.434943318367,1,2.15003204345703,1.43499028682709,1,2.10298705101013,1.43504369258881,1,2.05776929855347,1.43510937690735,1,2.01449298858643,1.43518924713135,1,0,1,1,0.0628359839320183,1.02061212062836,1,0.236871778964996,1.07704794406891,1,0.471106350421906,1.15057170391083,0.999999940395355,0.714788258075714,1.22192275524139,0.999999940395355,0.943740725517273,1.28115952014923,0.999999940395355,1.15387213230133,1.3264387845993,1,1.34609425067902,1.35959768295288,1,1.51761829853058,1.38330447673798,1,1.66120731830597,1.39995718002319,1,1.76946628093719,1.41145098209381,1,1.83987426757812,1.41923880577087,1,1.87667155265808,1.42441952228546,1,1.88873994350433,1.42781472206116,1,1.88574087619781,1.43001759052277,1,1.87523698806763,1.43144094944,1,1.86179232597351,1.43236243724823,1,1.84747529029846,1.43296492099762,1,1.83284091949463,1.43336772918701,1,1.81778061389923,1.4336473941803,1,1.80205833911896,1.43385493755341,1,1.78555309772491,1.43402183055878,1,1.76832246780396,1.43416929244995,1,1.75057256221771,1.43431055545807,1,1.73259496688843,1.43445312976837,1,0,1,1,0.035914208739996,1.02021622657776,1,0.125007137656212,1.0755809545517,1,0.229386985301971,1.14786469936371,1,0.323550850152969,1.21822834014893,1,0.40459144115448,1.27681457996368,1,0.481956034898758,1.32170510292053,1,0.565400183200836,1.35467338562012,1,0.65881609916687,1.37836921215057,1,0.759480714797974,1.39519166946411,1,0.860754787921906,1.4070235490799,1,0.955893933773041,1.41527140140533,1,1.04072511196136,1.42096996307373,1,1.1141505241394,1.42487573623657,1,1.17707812786102,1.4275369644165,1,1.23105561733246,1.42934536933899,1,1.27742600440979,1.43057656288147,1,1.31709265708923,1.4314227104187,0.999999940395355,1.35063529014587,1.43201434612274,1,1.37850952148438,1.43244206905365,1,1.40118396282196,1.43276619911194,1,1.41920328140259,1.4330278635025,1,1.43317806720734,1.4332537651062,1,1.44375431537628,1.43346297740936,1,1.45156502723694,1.43366515636444,1,0,1,1,0.00871125981211662,1.02008616924286,1,0.0100930882617831,1.07517790794373,1,-0.0234671030193567,1.14724433422089,1,-0.0926582962274551,1.21749222278595,1,-0.176586791872978,1.27598917484283,1,-0.248232915997505,1.32074952125549,1,-0.28514701128006,1.35353398323059,1,-0.27448707818985,1.3770227432251,1,-0.214495778083801,1.39365899562836,1,-0.112981028854847,1.4053612947464,1,0.0166080147027969,1.41355228424072,1,0.159798353910446,1.41926181316376,1,0.304510712623596,1.42322742938995,1,0.442444354295731,1.42597544193268,1,0.568876385688782,1.42788100242615,1,0.68175196647644,1.42920780181885,1,0.78073251247406,1.43014252185822,1,0.866466701030731,1.43081474304199,1,0.940116465091705,1.43131494522095,1,1.00306105613708,1.43170547485352,1,1.05672514438629,1.43202912807465,1,1.10247647762299,1.4323136806488,1,1.14156830310822,1.43257856369019,1,1.17510998249054,1.43283486366272,1,0,1,1,-0.0192589424550533,1.02021884918213,1,-0.110560968518257,1.07585418224335,1,-0.294452995061874,1.14879751205444,1,-0.546827495098114,1.21990942955017,1,-0.819696605205536,1.27897322177887,1,-1.06321513652802,1.32390558719635,1,-1.23659157752991,1.3564966917038,1,-1.31390047073364,1.37951862812042,1,-1.28803217411041,1.39553010463715,1,-1.17066264152527,1.40656554698944,1,-0.986650764942169,1.41413712501526,1,-0.765206277370453,1.41932916641235,1,-0.532163321971893,1.42289674282074,1,-0.306032449007034,1.42535936832428,1,-0.0976600348949432,1.42707252502441,0.999999940395355,0.0881483405828476,1.42827832698822,1,0.250540018081665,1.42914414405823,1,0.390873163938522,1.4297844171524,1,0.511520147323608,1.43027937412262,0.999999940395355,0.615151524543762,1.4306834936142,1,0.704353630542755,1.43103361129761,1,0.781451225280762,1.43135499954224,1,0.848446667194366,1.4316623210907,1,0.907021403312683,1.43196594715118,1,0,1,1,-0.0483416840434074,1.02060842514038,1,-0.239324793219566,1.07761681079865,1,-0.590732872486115,1.15260255336761,1,-1.05388736724854,1.22567784786224,1,-1.54967856407166,1.2860894203186,1,-1.99812698364258,1.33157682418823,1,-2.33106637001038,1.36397218704224,1,-2.50201797485352,1.38619947433472,1,-2.49657797813416,1.40103352069855,1,-2.33515620231628,1.41074371337891,1,-2.06276440620422,1.41704022884369,1,-1.73136031627655,1.4211323261261,1,-1.38504064083099,1.42382383346558,1,-1.05353176593781,1.42562878131866,1,-0.75271600484848,1.42686986923218,1,-0.488373070955276,1.42774951457977,1,-0.260200589895248,1.42839860916138,1,-0.0648620948195457,1.42890334129333,1,0.102087683975697,1.42932057380676,1,0.245154529809952,1.42968952655792,1,0.368411391973495,1.43003487586975,1,0.475325554609299,1.4303731918335,1,0.568749666213989,1.43071281909943,1,0.650984287261963,1.43105912208557,1,0,1,1,-0.0785772800445557,1.02124035358429,1,-0.377400547266006,1.08044064044952,0.999999940395355,-0.917648017406464,1.15868401527405,1,-1.62777209281921,1.23495006561279,1,-2.39362406730652,1.29766058921814,1,-3.09511423110962,1.34423112869263,1,-3.62174296379089,1.37647700309753,0.999999940395355,-3.89266061782837,1.3975043296814,1,-3.88244843482971,1.41043758392334,1,-3.62979698181152,1.41797459125519,1,-3.21602559089661,1.42219603061676,1,-2.72900748252869,1.4245285987854,1,-2.23688387870789,1.42584478855133,1,-1.7803430557251,1.42663192749023,1,-1.37727034091949,1.4271467924118,1,-1.03101086616516,1.42752301692963,1,-0.737381994724274,1.42783272266388,1,-0.4892298579216,1.42811679840088,0.999999940395355,-0.278923630714417,1.42839968204498,1,-0.099510170519352,1.42869579792023,1,0.0548739060759544,1.42901349067688,1,0.188963711261749,1.42935538291931,1,0.306494027376175,1.4297217130661,1,0.410371899604797,1.43010938167572,1,0,1,1,-0.10946062207222,1.02208352088928,1,-0.523358345031738,1.08422029018402,1,-1.27470231056213,1.16690075397491,1,-2.27429437637329,1.24766457080841,0.999999940395355,-3.37170219421387,1.31382703781128,1,-4.39469814300537,1.36224722862244,1,-5.1660475730896,1.39452254772186,1,-5.54459285736084,1.41387379169464,0.999999940395355,-5.48669576644897,1.42394840717316,1,-5.06828212738037,1.42820274829865,1,-4.43621301651001,1.42936933040619,1,-3.73412036895752,1.42921221256256,1,-3.05932807922363,1.42866063117981,1,-2.4595959186554,1.42811369895935,1,-1.94845628738403,1.42770147323608,1,-1.52138864994049,1.42744541168213,1,-1.16667354106903,1.42733144760132,1,-0.87119996547699,1.42734014987946,1,-0.623032748699188,1.42745435237885,0.999999940395355,-0.412268817424774,1.42765772342682,1,-0.231086775660515,1.4279373884201,0.999999940395355,-0.0734808146953583,1.4282808303833,1,0.0650917664170265,1.42867517471313,1,0.188050031661987,1.4291090965271,0.999999940395355,0,1,1,-0.13966628909111,1.02307903766632,1,-0.671053290367126,1.08870244026184,1,-1.64866125583649,1.17674934864044,1,-2.97638702392578,1.26318740844727,1,-4.47399282455444,1.33406972885132,1,-5.90760135650635,1.38541746139526,1,-6.9971284866333,1.41817498207092,1,-7.49392938613892,1.43538200855255,1,-7.32171726226807,1.44139468669891,1,-6.62964010238647,1.44098341464996,1,-5.67979860305786,1.43798410892487,1,-4.6971321105957,1.43462228775024,1,-3.80783772468567,1.43180274963379,0.999999940395355,-3.05591249465942,1.42971241474152,1,-2.43997597694397,1.42826557159424,1,-1.94060063362122,1.42732012271881,1,-1.53465032577515,1.42675185203552,1,-1.20121228694916,1.42646932601929,0.999999940395355,-0.923333585262299,1.42640805244446,1,-0.688007056713104,1.42651987075806,0.999999940395355,-0.485554307699203,1.4267680644989,1,-0.308894991874695,1.42712223529816,1,-0.152886465191841,1.4275563955307,1,-0.0137859843671322,1.42804849147797,1,0,1,1,-0.166896358132362,1.02413582801819,1,-0.807728707790375,1.09342324733734,1,-2.00510144233704,1.18712472915649,1,-3.67100024223328,1.27976489067078,1,-5.61489915847778,1.35630559921265,0.999999940395355,-7.54613447189331,1.41179442405701,0.999999940395355,-9.04223537445068,1.44587886333466,1,-9.67273616790771,1.46071219444275,1,-9.3006706237793,1.46144640445709,1,-8.20712661743164,1.45498013496399,1,-6.84097290039062,1.44686472415924,1,-5.5310754776001,1.43984794616699,1,-4.41939640045166,1.43461716175079,1,-3.527010679245,1.43097496032715,1,-2.82466125488281,1.42852509021759,1,-2.27155184745789,1.42692577838898,1,-1.83060562610626,1.4259340763092,0.999999940395355,-1.47248983383179,1.42538750171661,1,-1.17540752887726,1.42517566680908,0.999999940395355,-0.923689901828766,1.42522060871124,0.999999940395355,-0.706286609172821,1.425461769104,0.999999940395355,-0.515480279922485,1.42585062980652,1,-0.34588885307312,1.4263471364975,1,-0.193725794553757,1.426917552948,1,0,1,1,-0.188128769397736,1.02513933181763,1,-0.914518654346466,1.09772896766663,1,-2.28580236434937,1.19626986980438,0.999999940395355,-4.23187255859375,1.29417085647583,1,-6.57964563369751,1.37591969966888,1,-9.0140266418457,1.43597149848938,1,-10.9626064300537,1.47229385375977,1,-11.740608215332,1.48517465591431,1,-11.1073598861694,1.4802633523941,0.999999940395355,-9.53609275817871,1.46729457378387,1,-7.72623825073242,1.45402872562408,1,-6.11050510406494,1.44363021850586,1,-4.81941890716553,1.43632984161377,1,-3.83108258247375,1.43141865730286,1,-3.08010601997375,1.42816615104675,1,-2.50275206565857,1.42604696750641,1,-2.04896402359009,1.42472195625305,1,-1.68252646923065,1.42397749423981,1,-1.37822687625885,1.42367005348206,1,-1.11889958381653,1.42369627952576,1,-0.893022656440735,1.42397427558899,1,-0.692920029163361,1.4244372844696,1,-0.513465464115143,1.42503035068512,1,-0.35118180513382,1.42570900917053,1,0,1,1,-0.20047864317894,1.0259838104248,1,-0.972000360488892,1.10096967220306,1,-2.42512440681458,1.20228636264801,1,-4.49814033508301,1.30251634120941,1,-7.04704713821411,1.38647246360779,1,-9.77863311767578,1.44900274276733,1,-12.0440979003906,1.48718345165253,1,-12.9423685073853,1.49932968616486,1,-12.1080884933472,1.49077427387238,1,-10.1817979812622,1.47346866130829,1,-8.08126735687256,1.45698308944702,1,-6.30307245254517,1.44465470314026,1,-4.94514513015747,1.43624520301819,1,-3.94135212898254,1.4306515455246,0.999999940395355,-3.19701242446899,1.42694091796875,1,-2.63291907310486,1.42450511455536,1,-2.19177794456482,1.42297768592834,1,-1.83442151546478,1.42213082313538,1,-1.53484499454498,1.42180740833282,1,-1.27616190910339,1.42188560962677,0.999999940395355,-1.04760682582855,1.4222639799118,1,-0.842395663261414,1.42285716533661,1,-0.656235635280609,1.42359495162964,1,-0.48633474111557,1.42441999912262,1,0,1,1,-0.202420964837074,1.02661824226379,1,-0.969838559627533,1.10282528400421,1,-2.38708829879761,1.20422530174255,1,-4.37337112426758,1.30271470546722,0.999999940395355,-6.79280710220337,1.38395965099335,0.999999940395355,-9.39270973205566,1.44415926933289,1,-11.5808362960815,1.48139882087708,1,-12.470404624939,1.49396574497223,1,-11.6544580459595,1.48631048202515,1,-9.76279163360596,1.46984493732452,1,-7.73021793365479,1.45406007766724,1,-6.04493141174316,1.44222843647003,1,-4.78299570083618,1.43406891822815,1,-3.8637056350708,1.42851746082306,1,-3.18731427192688,1.42472851276398,1,-2.67467927932739,1.42218577861786,1,-2.2703857421875,1.42059075832367,1,-1.93757522106171,1.41974878311157,1,-1.65261399745941,1.4195077419281,1,-1.4009211063385,1.41973185539246,1,-1.17384684085846,1.42029666900635,1,-0.966400980949402,1.42109382152557,1,-0.775697886943817,1.42203640937805,1,-0.599968433380127,1.42305552959442,1,0,1,1,-0.194570928812027,1.02707397937775,1,-0.913360416889191,1.10352146625519,1,-2.19327926635742,1.20285701751709,0.999999940395355,-3.91393327713013,1.29648244380951,1,-5.92326641082764,1.37119567394257,1,-8.00250339508057,1.42495620250702,0.999999940395355,-9.70959281921387,1.45820426940918,1,-10.4130010604858,1.47138166427612,0.999999940395355,-9.81512069702148,1.46839821338654,1,-8.36139965057373,1.45756828784943,1,-6.76183176040649,1.44612228870392,1,-5.41523838043213,1.43694150447845,1,-4.396155834198,1.43015217781067,1,-3.64613223075867,1.42517757415771,1,-3.086989402771,1.42155337333679,1,-2.65513205528259,1.41902732849121,0.999999940395355,-2.30528116226196,1.4174610376358,1,-2.00734257698059,1.41673064231873,1,-1.74274575710297,1.4166921377182,1,-1.50106000900269,1.41718351840973,1,-1.27703750133514,1.41804623603821,1,-1.06831431388855,1.41914224624634,1,-0.873877286911011,1.42036354541779,1,-0.693195283412933,1.42163228988647,0.999999940395355,0,1,1,-0.179368689656258,1.02745366096497,1,-0.820468604564667,1.10371327400208,1,-1.90885937213898,1.20018935203552,1,-3.28902173042297,1.28812253475189,0.999999940395355,-4.79695701599121,1.35565996170044,1,-6.25148439407349,1.40250062942505,1,-7.37346029281616,1.43134748935699,1,-7.82405614852905,1.44490933418274,1,-7.46816110610962,1.44693577289581,0.999999940395355,-6.5639386177063,1.44264101982117,1,-5.52886724472046,1.43647241592407,1,-4.62289953231812,1.43055808544159,1,-3.91160154342651,1.42540490627289,0.999999940395355,-3.36915802955627,1.4210387468338,1,-2.94985342025757,1.41751730442047,1,-2.61215472221375,1.41496539115906,0.999999940395355,-2.3239541053772,1.41345918178558,1,-2.06361889839172,1.4129501581192,1,-1.81919968128204,1.41327023506165,1,-1.58592998981476,1.41419470310211,0.999999940395355,-1.36312735080719,1.41550374031067,1,-1.15171933174133,1.41701638698578,1,-0.952807784080505,1.4186042547226,0.999999940395355,-0.767081558704376,1.42018234729767,1,0,1,1,-0.159931242465973,1.02788746356964,1,-0.711891055107117,1.10415053367615,1,-1.60204994678497,1.19825649261475,1,-2.66062641143799,1.2815260887146,1,-3.73318648338318,1.34351527690887,1,-4.68559455871582,1.38538980484009,0.999999940395355,-5.36508226394653,1.41131556034088,1,-5.62837219238281,1.42521286010742,1,-5.44982862472534,1.43064522743225,1,-4.97573947906494,1.43095624446869,0.999999940395355,-4.41426753997803,1.42866349220276,1,-3.8982264995575,1.42510187625885,1,-3.46806740760803,1.42088878154755,1,-3.11964106559753,1.41653311252594,1,-2.83433079719543,1.41265022754669,0.999999940395355,-2.58799695968628,1.4098174571991,1,-2.35772562026978,1.40835189819336,1,-2.12886762619019,1.40822052955627,1,-1.89704692363739,1.40913784503937,1,-1.6648895740509,1.41073524951935,1,-1.43749439716339,1.41268754005432,1,-1.21947193145752,1.41476118564606,1,-1.01387143135071,1.41681110858917,0.999999940395355,-0.82220733165741,1.41875839233398,1,0,1,1,-0.139116182923317,1.02850639820099,1,-0.603770077228546,1.10545003414154,1,-1.31762969493866,1.19839870929718,1,-2.11735558509827,1.27870047092438,1,-2.87512135505676,1.33718657493591,1,-3.50433325767517,1.37617516517639,1,-3.93338084220886,1.4006382226944,1,-4.11668634414673,1.41491794586182,1,-4.07204103469849,1.42230546474457,1,-3.88309741020203,1.42515170574188,1,-3.64088416099548,1.42485523223877,1,-3.39477109909058,1.42209541797638,1,-3.16496181488037,1.41745007038116,1,-2.96429181098938,1.41188335418701,0.999999940395355,-2.79137802124023,1.40671014785767,1,-2.62511253356934,1.40313327312469,1,-2.44055104255676,1.40172255039215,0.999999940395355,-2.22728204727173,1.40229153633118,1,-1.99148190021515,1.40421807765961,1,-1.74657440185547,1.4068478345871,1,-1.50485265254974,1.40970301628113,1,-1.27435004711151,1.4125018119812,1,-1.05912375450134,1.41510903835297,1,-0.860543966293335,1.41747426986694,1,0,1,1,-0.118515022099018,1.0293835401535,1,-0.503905057907104,1.10792052745819,1,-1.07234585285187,1.2010999917984,0.999999940395355,-1.67996108531952,1.27997076511383,1,-2.23190402984619,1.33642649650574,1,-2.68233132362366,1.37376153469086,1,-3.00823903083801,1.39750492572784,1,-3.20589017868042,1.41219592094421,1,-3.29724383354187,1.42091953754425,1,-3.31564784049988,1.42536532878876,1,-3.27344965934753,1.42594170570374,1,-3.17022514343262,1.42250370979309,1,-3.03949451446533,1.4155615568161,0.999999940395355,-2.93347477912903,1.40682709217072,1,-2.85847854614258,1.39883649349213,1,-2.76567816734314,1.39388942718506,1,-2.60745596885681,1.39280951023102,1,-2.37984943389893,1.39480173587799,1,-2.11093425750732,1.39845561981201,1,-1.83175587654114,1.40263152122498,1,-1.56250441074371,1.40669250488281,1,-1.31260550022125,1.41037201881409,1,-1.08482587337494,1.41360247135162,0.999999940395355,-0.878691434860229,1.4164046049118,0.999999940395355}
profileHueSatMapData2 = {}
referenceIlluminant1 = 21
referenceIlluminant2 = 17
captureSharpeningS = 1.0
captureSharpeningIntense = 1.0

sensor_2
NoiseModelA = { 4.0329637180734324e-07,3.9735788371668374e-07,3.9994913929558467e-07,4.0157169595988063e-07 }
NoiseModelB = { 4.3834230673767155e-06,7.819745577754118e-06,6.66381303195513e-06,5.077968897379766e-06 }
NoiseModelC = { 2.953466235751487e-13,3.1289125173997786e-13,2.9367450599836935e-13,2.8363115079244744e-13 }
NoiseModelD = { 4.6757557709985037e-07,3.7962782861510477e-07,4.235249793153056e-07,4.6949181754485456e-07 }
referenceIlluminant1 = 21
referenceIlluminant2 = 17
calibrationTransform1 = {1,0,0,0,1,0,0,0,1}
calibrationTransform2 = {1,0,0,0,1,0,0,0,1}
colorTransform1 = {0.734375,-0.1171875,-0.1171875,-0.3671875,1.2734375,0.0703125,-0.1171875,0.2890625,0.46875}
colorTransform2 = {1.1875,-0.375,-0.1875,-0.484375,1.4453125,0.2421875,-0.0546875,0.1484375,0.8203125}
forwardMatrix1 = {0.6875,0.1015625,0.1796875,0.203125,0.828125,-0.03125,0.0390625,-0.359375,1.1484375}
forwardMatrix2 = {0.6875,0.1015625,0.1796875,0.203125,0.828125,-0.03125,0.0390625,-0.359375,1.1484375}
profileHueSatMapData1 = {}
profileHueSatMapData2 = {}
profileLookTableData = {}
captureSharpeningS = 1.05
captureSharpeningIntense = 1.0
preferredResolution = {4096, 3072}
ISZ = { Integer ; com.oplus.engineercamera.agingtest.mode.select ; 19 ; 2.0 }

sensor_3
NoiseModelA = { 5.742451019697843e-07,6.105980876415757e-07,3.146043228762669e-07,3.4805068152249336e-07 }
NoiseModelB = { -1.3587633006335554e-05,1.444168782160784e-06,3.3720815316516287e-06,1.1018139870998794e-07 }
NoiseModelC = { 9.211999906785047e-13,7.281396591038181e-13,3.937704870525039e-13,4.480127032415033e-13 }
NoiseModelD = { 3.865634437153818e-07,2.5026135848820493e-07,3.055772727116593e-07,3.2594439853766415e-07 }
referenceIlluminant1 = 21
referenceIlluminant2 = 17
calibrationTransform1 = {1,0,0,0,1,0,0,0,1}
calibrationTransform2 = {1,0,0,0,1,0,0,0,1}
colorTransform1 = {0.9848,-0.3684,-0.1011,-0.2682,1.1295,0.1152,0.0588,0.0403,0.5348}
colorTransform2 = {1.9084,-1.3277,0.1113,-0.2221,1.1645,0.2236,0.141,-0.0884,0.8508}
forwardMatrix1 = {0.535636,0.400729,0.0279306,0.14148,0.984407,-0.125886,-0.0517045,-0.0734997,0.950309}
forwardMatrix2 = {0.414338,0.513184,0.0367742,0.057723,1.00645,-0.0641727,-0.157017,-0.0758214,1.05794}
profileHueSatMapData1 = {}
profileHueSatMapData2 = {}
profileLookTableData = {}
captureSharpeningS = 1.0
captureSharpeningIntense = 1.0
preferredResolution = {4000, 3000}

sensor_4
NoiseModelA = { 8.104479823018812e-07,5.830000973863143e-07,5.848095975826944e-07,7.037399417785644e-07 }
NoiseModelB = { -7.269892855547168e-07,-8.154995204791291e-06,-5.293451150750805e-06,4.499559494342851e-06 }
NoiseModelC = { 2.1970035470850156e-12,3.757033770326662e-12,3.784624486225701e-12,1.966645858107231e-12 }
NoiseModelD = { 3.1127746070824624e-07,5.727665296789099e-07,4.902401286298446e-07,2.1095111797206906e-07 }
referenceIlluminant1 = 21
referenceIlluminant2 = 17
calibrationTransform1 = {1,0,0,0,1,0,0,0,1}
calibrationTransform2 = {1,0,0,0,1,0,0,0,1}
colorTransform1 = {1.1115,-0.4222,-0.0877,-0.1527,1.0128,0.1215,0.2407,-0.0463,0.4578}
colorTransform2 = {1.8981,-1.3137,0.2333,0.0424,0.8133,0.3933,0.2898,-0.1653,0.8312}
forwardMatrix1 = {0.544561,0.442505,-0.0227709,0.125016,1.06208,-0.187097,-0.194627,-0.0630557,1.08279}
forwardMatrix2 = {0.398475,0.61715,-0.0513298,-0.0119873,1.22435,-0.212362,-0.378208,-0.18782,1.39113}
prprofileHueSatMapData1 = {}
profileHueSatMapData2 = {}
profileLookTableData = {}
captureSharpeningS = 1.0
captureSharpeningIntense = 1.0
preferredResolution = {4608, 3456}
ISZ = { Integer ; com.oplus.engineercamera.agingtest.mode.select ; 20 ; 2.0 }
