sensor_0
NoiseModelA = { 7.019526949963325e-07,7.786485915504187e-07,3.9866175943299215e-07,4.4068717673855506e-07 }
NoiseModelB = { -1.225751438526033e-05,1.1082946345635202e-05,6.587858680408289e-06,5.286839561341648e-07 }
NoiseModelC = { 3.2212162387609215e-12,2.9304355030892668e-12,1.549815368745498e-12,1.4002944394484292e-12 }
NoiseModelD = { 3.8124834605007477e-07,-6.206725682634471e-08,2.2556789116278022e-07,3.422470659443812e-07 }