sensor_0
NoiseModelA = { 3.049616216049247e-06,3.066356748497584e-06,1.6137164051534832e-06,1.704456796158355e-06 }
NoiseModelB = { -6.868533952433888e-05,1.978742630786456e-05,2.5178983454240047e-06,9.534749285514284e-06 }
NoiseModelC = { 2.4407820301561647e-11,2.71117247779124e-11,1.4803216436416858e-11,1.3810342589160767e-11 }
NoiseModelD = { 1.6459574435581148e-06,2.2145485853138597e-07,6.537303890987755e-07,6.33679176770087e-07 }

sensor_1
NoiseModelA = { 8.232277999740038e-07,8.25869845339329e-07,8.199231501613553e-07,8.008255761658845e-07 }
NoiseModelB = { 3.132309551554714e-05,2.1283840295194042e-05,2.2475562768771716e-05,4.142360164582706e-05 }
NoiseModelC = { 1.9740428435226394e-12,1.933706260436388e-12,1.9774328997705128e-12,2.2856499001409555e-12 }
NoiseModelD = { -2.3457584897201433e-07,-6.272188756378256e-08,-8.04846062803566e-08,-2.7007270485059615e-07 }

sensor_2
NoiseModelA = { 1.5927034005364303e-06,1.5888828235244699e-06,1.5844172153727016e-06,1.2929165132777582e-06 }
NoiseModelB = { 6.511741854650378e-06,1.863536347876196e-05,2.349846044488917e-05,8.202677579758039e-06 }
NoiseModelC = { 6.393139451907586e-12,6.738333537524045e-12,6.845460819964984e-12,5.313327914514723e-12 }
NoiseModelD = { 2.6711059550692037e-07,-2.2563025078762078e-07,-2.9050259826371e-07,2.7043137507613384e-07 }

sensor_3
NoiseModelA = { 1.723524778290816e-06,1.6350221136097833e-06,1.4251111092847876e-06,1.5571895958002161e-06 }
NoiseModelB = { -2.134295780752146e-05,1.6784910859191478e-05,1.7992277408792413e-05,-1.9747585550909817e-06 }
NoiseModelC = { -4.1202352402298914e-14,-6.222889838516411e-14,-5.93365519208338e-14,-4.3919054303038314e-14 }
NoiseModelD = { 1.0335175408750888e-06,5.508194762633859e-07,7.557051940878284e-07,9.416677017511695e-07 }
