sensor_0
NoiseModelA = { 1.0752325549832484e-06,1.196258268476536e-06,6.188713383244324e-07,6.664992219692763e-07 }
NoiseModelB = { -1.3944581816859453e-05,2.14376418628867e-06,-3.472229159309987e-07,-1.5230206476730423e-06 }
NoiseModelC = { 6.028408388732381e-12,5.074280425910235e-12,2.386540080515199e-12,2.7267090539689144e-12 }
NoiseModelD = { 4.388466094607838e-07,3.2849568991527097e-07,4.0586579284976675e-07,3.625368394134763e-07 }
captureSharpeningS = 1.05
captureSharpeningIntense = 1.0

sensor_1
NoiseModelA = { 3.5684190639844393e-06,3.5173302058297746e-06,3.472724026633459e-06,3.4582930401352425e-06 }
NoiseModelB = { 2.29609852853862e-06,5.012349936288773e-06,8.105961030115472e-06,2.607919668825669e-06 }
NoiseModelC = { 2.2314436826166334e-11,2.1974166526131606e-11,2.101661649514541e-11,2.07311835625491e-11 }
NoiseModelD = { 4.3864650305339854e-07,3.541893383691396e-07,2.6684533897039166e-07,3.9838230145938835e-07 }

sensor_2
NoiseModelA = { 3.743190610275065e-06,3.6868569103341015e-06,3.6767903706685852e-06,3.687655843114006e-06 }
NoiseModelB = { 3.6263571806451115e-06,1.6268770580278034e-05,1.643496892132244e-05,1.4673539457884655e-05 }
NoiseModelC = { 3.1481734420082236e-11,3.2468941977333715e-11,3.2742800580364906e-11,3.279521633439372e-11 }
NoiseModelD = { 4.77476841191616e-07,1.0592691049712235e-07,1.3287252861673883e-07,2.3309990571498685e-07 }