sensor_0
NoiseModelA = { 6.83077811393138e-07,4.5578135829790247e-07,4.492959389111244e-07,6.047769308479595e-07 }
NoiseModelB = { 5.555446484111483e-06,9.860349720343052e-07,2.563714582853956e-07,4.798221767362647e-06 }
NoiseModelC = { 7.512797765420556e-13,2.2003222288427424e-12,2.3098307546795066e-12,7.372233232276438e-13 }
NoiseModelD = { 5.557875198589793e-07,6.258392153420842e-07,6.453429822922199e-07,4.991889298556389e-07 }
captureSharpeningS = 1.1
captureSharpeningIntense = 1.0

sensor_2
NoiseModelA = { 2.8190469976176058e-06,2.6872888066723798e-06,2.6939701753883526e-06,2.697738302392166e-06 }
NoiseModelB = { 9.512045232798152e-06,2.4002143688668214e-05,2.4185350200667815e-05,1.758579461082945e-05 }
NoiseModelC = { -4.414237331985447e-12,-8.031828738745304e-12,-8.545177498269548e-12,-4.82848342133412e-12 }
NoiseModelD = { 5.719648587504966e-07,2.0191574217091863e-07,1.6189737112187e-07,4.176728841764278e-07 }
captureSharpeningS = 1.1
captureSharpeningIntense = 1.25

sensor_3
NoiseModelA = { 3.659450079649712e-06,3.287612085401278e-06,3.2806233546224606e-06,3.7701508925374654e-06 }
NoiseModelB = { -1.6420498435960378e-05,1.5644178722578628e-05,1.6618852006776274e-05,-2.0892684640190405e-05 }
NoiseModelC = { -1.5876762828970301e-12,-3.368108553560359e-12,-3.3068675632541046e-12,-1.0990529334873027e-12 }
NoiseModelD = { 1.0357533412609843e-06,8.016090498459925e-07,7.854274745367139e-07,1.0063942601102536e-06 }
captureSharpeningS = 1.3
captureSharpeningIntense = 2.0

sensor_4
NoiseModelA = { 1.0798706869238175e-06,1.2391132266345876e-06,6.350813655550309e-07,7.00880384308205e-07 }
NoiseModelB = { -8.618818353621416e-06,6.1610734263106435e-06,3.859576426130461e-06,-9.372525640334708e-07 }
NoiseModelC = { 5.790989178667454e-12,1.7613537513813497e-12,9.116674895134013e-13,1.1310750825620412e-12 }
NoiseModelD = { 3.7009550769043865e-07,-6.393383738607392e-08,2.523351040776253e-07,3.3236427865519094e-07 }
captureSharpeningS = 1.25
captureSharpeningIntense = 2.0