sensor_0
NoiseModelA = { 6.85573859519895e-07,4.4447472168600397e-07,4.366286679437374e-07,6.061558353901424e-07 }
NoiseModelB = { 4.572033538829627e-06,2.6659544870200037e-06,1.7922522790342269e-06,5.143943084192598e-06 }
NoiseModelC = { 6.51097086842693e-13,3.085941522934163e-12,3.4230228339197298e-12,5.813935614610763e-13 }
NoiseModelD = { 6.24606636623409e-07,6.304048086599694e-07,6.563647786333271e-07,5.283301223403982e-07 }
captureSharpeningS = 1.1
captureSharpeningIntense = 1.0

sensor_2
NoiseModelA = { 2.8190469976176058e-06,2.6872888066723798e-06,2.6939701753883526e-06,2.697738302392166e-06 }
NoiseModelB = { 9.512045232798152e-06,2.4002143688668214e-05,2.4185350200667815e-05,1.758579461082945e-05 }
NoiseModelC = { -4.414237331985447e-12,-8.031828738745304e-12,-8.545177498269548e-12,-4.82848342133412e-12 }
NoiseModelD = { 5.719648587504966e-07,2.0191574217091863e-07,1.6189737112187e-07,4.176728841764278e-07 }
captureSharpeningS = 1.1
captureSharpeningIntense = 1.25

sensor_3
NoiseModelA = { 3.556141964584978e-06,3.2148446289272866e-06,3.2092288152844757e-06,3.602171223672849e-06 }
NoiseModelB = { -1.3534531965053868e-05,1.9399310827439455e-05,1.9347328245188642e-05,-1.003903171252269e-05 }
NoiseModelC = { -3.702724533436569e-12,-7.083360072400241e-12,-7.114605654151519e-12,-3.1638223196351657e-12 }
NoiseModelD = { 9.788406091564983e-07,6.096664135688224e-07,6.065016411532549e-07,9.194657843937588e-07 }
captureSharpeningS = 1.3
captureSharpeningIntense = 2.0

sensor_4
NoiseModelA = { 1.0798706869238175e-06,1.2391132266345876e-06,6.350813655550309e-07,7.00880384308205e-07 }
NoiseModelB = { -8.618818353621416e-06,6.1610734263106435e-06,3.859576426130461e-06,-9.372525640334708e-07 }
NoiseModelC = { 5.790989178667454e-12,1.7613537513813497e-12,9.116674895134013e-13,1.1310750825620412e-12 }
NoiseModelD = { 3.7009550769043865e-07,-6.393383738607392e-08,2.523351040776253e-07,3.3236427865519094e-07 }
captureSharpeningS = 1.25
captureSharpeningIntense = 2.0