sensor_0
NoiseModelA = { 5.550690452962096e-07,6.28854003109143e-07,3.2514281356232834e-07,3.596084804765092e-07 }
NoiseModelB = { -7.2516712227937075e-06,5.222139481138479e-06,5.4155096702917535e-06,2.4324671216536317e-06 }
NoiseModelC = { 1.4223427818161162e-12,6.483861646712692e-13,3.426108655202949e-13,3.984369575773855e-13 }
NoiseModelD = { 3.6161221084824785e-07,1.5498159191094513e-07,2.982331631078912e-07,3.225319173227361e-07 }
captureSharpeningS = 1.05
captureSharpeningIntense = 1.0
aberrationCorrection = { 0.5,0.5,0.0001,0.0001,0.0,0.0,0.0003,0.0003 }

sensor_20
NoiseModelA = { 1.5705128078183315e-06,1.56071666079523e-06,1.5638037333120137e-06,1.2581117702980262e-06 }
NoiseModelB = { 4.382530954462693e-06,1.7499718124757e-05,2.5647348004253185e-05,1.2158787834667922e-05 }
NoiseModelC = { 6.102933904970193e-12,6.266528521949293e-12,6.0503666184411834e-12,5.058310937673021e-12 }
NoiseModelD = { 2.9005954082168127e-07,-1.6104509173060653e-07,-3.3963123778515874e-07,1.538103663440867e-07 }
captureSharpeningS = 1.2
captureSharpeningIntense = 1.0
aberrationCorrection = { 0.5,0.5,-0.0005,-0.0005,0.0,0.0,-0.0005,-0.0005 }

sensor_21
NoiseModelA = { 1.627418545927463e-06,1.6217272295857922e-06,1.4098009545603852e-06,1.46947358198844e-06 }
NoiseModelB = { -2.2306851512663175e-05,-3.3876145851968e-06,-5.875513588469666e-07,-5.4479195276516125e-06 }
NoiseModelC = { 8.119854889512704e-12,8.154058892650946e-12,7.934321880230547e-12,7.244480506987444e-12 }
NoiseModelD = { 5.314963658819075e-07,1.7351008823834477e-07,3.7211611090413054e-07,5.182996922616912e-07 }
captureSharpeningS = 1.6
captureSharpeningIntense = 1.0
aberrationCorrection = { 0.5,0.5,0.0014,0.0014,0.0,0.0,0.001,0.001 }