sensor_0
NoiseModelA = { 3.6112065910260735e-07,3.246000126216271e-07,3.5469362596939144e-07,3.4712663227762084e-07 }
NoiseModelB = { 0.001506547821804961,0.0015057255608239154,0.0015113472569226263,0.0015075962152107313 }
NoiseModelC = { 5.8675536217939195e-12,5.3773023360459415e-12,5.782809994747673e-12,5.653773456348876e-12 }
NoiseModelD = { 9.856599902931143e-05,9.813562549713927e-05,9.892315973069647e-05,9.85635186357755e-05 }